papras kitchen
arm1
world
0.4,-0.4,0.6,0,0,0,1,2.04522,1.77513,-1.96392,-2.23473e-07,-1.38201,1.09638,0.105098,0.188788,7
0.4,-0.4,0.7,0,0,0,1,1.85195,1.95425,-2.32541,1.56618e-10,-1.19964,1.28964,0.0971978,0.0457464,4
0.4,-0.4,1,0,0,0,1,1.20294,1.89625,-2.20837,-2.56307e-10,-1.25868,1.93865,0.100564,0.103752,4
0.4,-0.4,1.1,0,0,0,1,1.02296,1.59191,-1.59387,-2.38191e-10,-1.56883,2.11863,0.105753,0.00196452,7
0.4,-0.3,0.5,0,0,0,1,2.33176,1.89852,-2.21296,1.70787e-10,-1.25636,0.809834,0.100446,0.101476,4
0.4,-0.3,1.2,0,0,0,1,0.7484,1.73036,-1.87352,-9.39786e-10,-1.42763,2.39319,0.105924,0.143166,7
0.4,-0.2,0.4,0,0,0,1,2.62226,1.81362,-2.04162,5.9017e-07,-1.3428,0.519332,0.104024,0.186377,4
0.4,-0.1,0.4,0,0,0,1,2.81537,1.99575,-2.40913,-3.19256e-10,-1.15742,0.326224,0.0943274,0.00425122,4
0.4,-0.1,1.3,0,0,0,1,0.298298,1.81533,-2.04505,6.01074e-10,-1.34107,2.84329,0.103968,0.184674,4
0.4,0,1.3,0,0,0,1,0.0950915,1.91061,-2.23735,6.22711e-10,-1.24406,3.0465,0.0998019,0.0893886,4
0.4,0.1,1.3,0,0,0,1,-0.116189,1.90595,-2.22794,-1.11916e-08,-1.2488,-3.0254,0.100054,0.0940492,4
0.4,0.2,0.4,0,0,0,1,-2.79445,1.98329,-2.38399,-1.57228e-09,-1.1701,-0.347138,0.095229,0.0167124,4
0.4,0.2,1.3,0,0,0,1,-0.317674,1.79827,-2.01062,1.301e-07,-1.35844,-2.82392,0.104493,0.201731,4
0.4,0.3,0.4,0,0,0,1,-2.60474,1.78453,-1.9829,1.64072e-08,-1.37243,-0.53685,0.104867,0.198365,7
0.4,0.4,0.5,0,0,0,1,-2.31742,1.86446,-2.14423,1.58621e-08,-1.29103,-0.824177,0.102082,0.135536,4
0.4,0.4,1.2,0,0,0,1,-0.762746,1.67521,-1.76216,2.1393e-09,-1.48385,-2.37885,0.106335,0.0869481,7
0.4,0.5,0.6,0,0,0,1,-2.03619,1.71393,-1.84036,-3.41224e-08,-1.44437,-1.1054,0.106115,0.126426,7
0.4,0.5,0.7,0,0,0,1,-1.84605,1.91407,-2.24433,-6.75131e-10,-1.24054,-1.29554,0.0996112,0.0859276,4
0.4,0.5,0.8,0,0,0,1,-1.63337,1.98242,-2.38224,2.18738e-07,-1.17098,-1.50822,0.0952904,0.0175801,4
0.4,0.5,0.9,0,0,0,1,-1.41496,1.96433,-2.34573,-1.8075e-09,-1.18939,-1.72663,0.0965359,0.0356748,4
0.4,0.5,1,0,0,0,1,-1.21038,1.85185,-2.11878,-1.74399e-09,-1.30387,-1.93121,0.102619,0.148145,4
0.5,-0.4,0.6,0,0,0,1,2.04522,1.5169,-1.84131,-1.41877e-08,-1.24638,1.09638,0.10241,0.324412,7
0.5,-0.4,0.7,0,0,0,1,1.85195,1.70149,-2.24494,-1.40946e-08,-1.02734,1.28964,0.0954976,0.298513,4
0.5,-0.4,0.8,0,0,0,1,1.63478,1.7618,-2.38278,-1.4003e-08,-0.949811,1.50681,0.09107,0.238201,4
0.5,-0.4,0.9,0,0,0,1,1.4115,1.74599,-2.34629,-1.25027e-08,-0.970496,1.7301,0.0923423,0.254006,4
0.5,-0.4,1,0,0,0,1,1.20294,1.64527,-2.11946,-9.75762e-09,-1.0966,1.93865,0.098615,0.354734,4
0.5,-0.3,0.5,0,0,0,1,2.33176,1.64751,-2.12442,1.56315e-10,-1.09388,0.809834,0.0985084,0.352489,4
0.5,-0.3,0.6,0,0,0,1,2.15585,1.854,-2.60221,1.63795e-10,-0.822583,0.985741,0.0819851,0.146004,4
0.5,-0.3,0.7,0,0,0,1,1.9274,1.95637,-2.86577,1.72417e-10,-0.66139,1.2142,0.0682951,0.0436341,4
0.5,-0.3,0.8,0,0,0,1,1.65325,1.99668,-2.9796,3.34367e-07,-0.587871,1.48834,0.0616978,0.00332148,4
0.5,-0.3,0.9,0,0,0,1,1.36645,1.98592,-2.94842,-2.83182e-09,-0.608299,1.77514,0.0635354,0.0140787,4
0.5,-0.3,1,0,0,0,1,1.10946,1.92118,-2.77191,-2.19342e-09,-0.720069,2.03213,0.0734625,0.078821,4
0.5,-0.3,1.1,0,0,0,1,0.904034,1.78346,-2.43328,-1.4516e-09,-0.920982,2.23756,0.0891932,0.216536,4
0.5,-0.3,1.2,0,0,0,1,0.7484,1.46241,-1.72609,-8.7445e-10,-1.30712,2.39319,0.102777,0.263679,7
0.5,-0.2,0.4,0,0,0,1,2.62226,1.55985,-1.93326,5.0154e-10,-1.19739,0.519335,0.101622,0.373408,7
0.5,-0.2,0.5,0,0,0,1,2.50085,1.86411,-2.62712,3.83449e-07,-0.807783,0.640741,0.0808086,0.135891,4
0.5,-0.2,1.1,0,0,0,1,0.734094,1.96113,-2.87884,-3.52709e-08,-0.653092,2.4075,0.0675547,0.0388678,4
0.5,-0.2,1.2,0,0,0,1,0.582971,1.76468,-2.38946,-2.50631e-08,-0.946014,2.55862,0.0908295,0.235321,4
0.5,-0.1,0.4,0,0,0,1,-0.326224,-1.96656,-0.350657,-2.20929e-09,0.746419,-2.81537,0.0897238,0.0334418,4
0.5,-0.1,0.5,0,0,0,1,2.726,1.97361,-2.91349,-6.49642e-07,-0.630915,0.415593,0.0655681,0.0263896,4
0.5,-0.1,1.2,0,0,0,1,0.372064,1.89076,-2.69377,-2.84699e-10,-0.767789,2.76953,0.0775304,0.109239,4
0.5,-0.1,1.3,0,0,0,1,0.298298,1.56173,-1.9373,-1.76628e-10,-1.19522,2.84329,0.101577,0.298298,8
0.5,0,0.8,0,0,0,1,-1.00577,-1.9331,1.38296,3.93674e-10,-1.02066,-2.13583,0.0266713,0.0669002,4
0.5,0,1.3,0,0,0,1,0.0950908,1.6594,-2.15078,-3.9587e-08,-1.07942,3.0465,0.0979195,0.0950908,8
0.5,0.1,0.8,0,0,0,1,1.09279,-1.99372,1.36532,6.78498e-07,-0.942393,2.04881,0.0253051,0.00627966,4
0.5,0.1,1.2,0,0,0,1,-0.147064,1.94155,-2.82573,-1.22149e-07,-0.686618,-2.99453,0.0705338,0.0584498,4
0.5,0.1,1.3,0,0,0,1,-0.116189,1.65488,-2.14072,-6.77382e-08,-1.08495,-3.0254,0.098149,0.116189,8
0.5,0.2,0.4,0,0,0,1,-2.79445,1.72873,-2.30675,3.04432e-09,-0.992778,-0.347138,0.0936402,0.271267,4
0.5,0.2,0.5,0,0,0,1,-2.70066,1.96576,-2.89162,2.30033e-10,-0.644939,-0.440931,0.0668254,0.0342361,4
0.5,0.2,1.2,0,0,0,1,-0.395347,1.88185,-2.67131,7.64097e-09,-0.781334,-2.74625,0.0786557,0.118152,4
0.5,0.2,1.3,0,0,0,1,-0.317673,1.54302,-1.89711,5.34051e-09,-1.21671,-2.82392,0.101986,0.317673,8
0.5,0.3,0.4,0,0,0,1,-2.60474,1.52768,-1.8643,7.18925e-10,-1.23418,-0.53685,0.102255,0.336618,7
0.5,0.3,0.5,0,0,0,1,-2.48146,1.84857,-2.58892,-6.58547e-07,-0.830439,-0.660133,0.0826011,0.151434,4
0.5,0.3,1.1,0,0,0,1,-0.754146,1.94773,-2.84234,6.06955e-09,-0.676188,-2.38745,0.0696109,0.0522667,4
0.5,0.3,1.2,0,0,0,1,-0.60161,1.74624,-2.34686,5.10458e-09,-0.97018,-2.53998,0.0923233,0.25376,4
0.5,0.4,0.5,0,0,0,1,0.824177,-1.83957,-0.634627,6.56141e-09,0.903405,2.31742,0.0974036,0.160426,4
0.5,0.4,0.6,0,0,0,1,-2.14268,1.83174,-2.54808,9.02098e-10,-0.854463,-0.998908,0.0844443,0.168256,4
0.5,0.4,0.7,0,0,0,1,-1.9181,1.93738,-2.81461,1.0108e-09,-0.693568,-1.2235,0.0711465,0.0626153,4
0.5,0.4,0.8,0,0,0,1,-1.65093,1.97894,-2.92853,1.14223e-07,-0.621208,-1.49066,0.0646963,0.0210565,4
0.5,0.4,0.9,0,0,0,1,-1.37209,1.96784,-2.89739,6.35614e-08,-0.641249,-1.7695,0.066495,0.0321575,4
0.5,0.4,1,0,0,0,1,-1.12082,1.90114,-2.72016,5.92856e-09,-0.751775,-2.02078,0.0761821,0.0988586,4
0.5,0.4,1.1,0,0,0,1,-0.917955,1.75838,-2.37486,-3.39124e-08,-0.954315,-2.22364,0.0913524,0.241623,4
0.5,0.4,1.2,0,0,0,1,-0.762746,1.37854,-1.55145,-5.06969e-08,-1.39788,-2.37885,0.10211,0.172915,7
0.5,0.5,0.6,0,0,0,1,-2.03619,1.44029,-1.67972,1.881e-11,-1.33137,-1.1054,0.102738,0.23943,7
0.5,0.5,0.7,0,0,0,1,-1.84605,1.66281,-2.15835,1.63245e-11,-1.07526,-1.29554,0.0977431,0.337187,4
0.5,0.5,0.8,0,0,0,1,-1.63337,1.72793,-2.30491,1.60731e-11,-0.993811,-1.50822,0.0936985,0.272073,4
0.5,0.5,0.9,0,0,0,1,-1.41496,1.711,-2.26645,1.4289e-11,-1.01535,-1.72663,0.0948751,0.288996,4
0.5,0.5,1,0,0,0,1,-1.21038,1.60033,-2.02089,1.11395e-11,-1.15023,-1.93121,0.100446,0.399674,4
0.6,-0.4,0.7,0,0,0,1,-1.28964,-0.992491,-1.93495,4.91277e-10,1.35665,-1.85195,0.0768509,0.214148,7
0.6,-0.4,0.8,0,0,0,1,-1.50681,-0.889616,-2.11547,4.8199e-10,1.43429,-1.63478,0.0724457,0.136506,7
0.6,-0.4,0.9,0,0,0,1,-1.7301,-0.916086,-2.06975,4.64317e-10,1.41504,-1.4115,0.0735953,0.155752,7
0.6,-0.4,1,0,0,0,1,-1.93865,-1.10022,-1.73778,4.38813e-10,1.2672,-1.20294,0.0811771,0.303598,7
0.6,-0.3,0.5,0,0,0,1,-0.809834,-1.09537,-1.74684,-2.83456e-08,1.27141,-2.33176,0.0809919,0.299388,7
0.6,-0.3,0.6,0,0,0,1,-0.985747,-0.735507,-2.37105,-2.20644e-07,1.53576,-2.15584,0.0656608,0.0350344,7
0.6,-0.3,0.7,0,0,0,1,1.9274,1.61741,-2.65285,1.10236e-06,-0.535348,1.2142,0.0676321,0.382595,4
0.6,-0.3,0.8,0,0,0,1,1.65325,1.6485,-2.76904,4.64627e-08,-0.450258,1.48834,0.0617252,0.351501,4
0.6,-0.3,0.9,0,0,0,1,1.36645,1.64054,-2.7375,-3.94981e-08,-0.473837,1.77514,0.0633748,0.359463,4
0.6,-0.3,1,0,0,0,1,1.10946,1.58776,-2.55476,-1.08287e-07,-0.603801,2.03213,0.0722142,0.412237,4
0.6,-0.3,1.1,0,0,0,1,0.904034,1.45215,-2.17678,-1.26069e-07,-0.846167,2.23756,0.0855587,0.547845,4
0.6,-0.2,0.5,0,0,0,1,-0.640744,-0.718185,-2.39861,-5.12631e-12,1.546,-2.50085,0.0648976,0.0248004,7
0.6,-0.2,0.6,0,0,0,1,-0.820148,-1.88782,0.140633,3.05646e-05,0.17638,-2.32148,0.056523,0.112185,4
0.6,-0.2,0.7,0,0,0,1,-1.08766,-1.92767,0.400252,6.68191e-07,-0.0433753,-2.05393,0.043377,0.0723266,4
0.6,-0.2,0.8,0,0,0,1,-1.45493,-1.92939,0.517155,-2.59077e-06,-0.158564,-1.68666,0.037851,0.0706129,4
0.6,-0.2,0.9,0,0,0,1,-1.85474,-1.93026,0.484823,-2.5107e-06,-0.125356,-1.28685,0.0393222,0.0697366,4
0.6,-0.2,1,0,0,0,1,-2.18156,-1.91796,0.306076,5.6017e-07,0.0410841,-0.960037,0.0481068,0.0820431,4
0.6,-0.2,1.1,0,0,0,1,-2.4075,-1.84756,-0.0174272,-2.02737e-06,0.294189,-0.734089,0.0642222,0.152442,4
0.6,-0.2,1.2,0,0,0,1,-2.55862,-1.65728,-0.560089,-9.73293e-08,0.646569,-0.58297,0.0837684,0.342724,4
0.6,-0.1,0.4,0,0,0,1,2.81537,1.40207,-2.05293,3.91924e-07,-0.919936,0.326224,0.0882853,0.326224,3
0.6,-0.1,0.5,0,0,0,1,2.726,1.63111,-2.70191,3.55246e-07,-0.499998,0.415591,0.0651962,0.368887,4
0.6,-0.1,0.6,0,0,0,1,2.57625,1.70277,-3.10828,-1.05999e-08,-0.16529,0.56534,0.042661,0.0333138,5
0.6,-0.1,0.7,0,0,0,1,-0.845512,-1.89743,0.699063,-1.875e-05,-0.372429,-2.29606,0.0310102,0.102571,4
0.6,-0.1,0.8,0,0,0,1,-1.37661,-1.82682,0.8315,5.91895e-08,-0.575479,-1.76498,0.0286542,0.173183,4
0.6,-0.1,0.9,0,0,0,1,-2.02894,-1.85283,0.794174,8.97218e-08,-0.512139,-1.11265,0.0290025,0.147168,4
0.6,-0.1,1,0,0,0,1,-2.4398,-1.92182,0.596747,1.59382e-07,-0.245725,-0.701792,0.034501,0.0781816,4
0.6,-0.1,1.1,0,0,0,1,-2.65114,-1.91229,0.267586,2.27033e-07,0.0739029,-0.490454,0.0500697,0.0877147,4
0.6,-0.1,1.2,0,0,0,1,-2.76953,-1.78679,-0.212462,-6.84154e-07,0.428454,-0.372062,0.0727033,0.213213,4
0.6,0,0.4,0,0,0,1,3.03703,1.47825,-2.24385,2.31029e-06,-0.805196,0.10456,0.0837341,0.104562,3
0.6,0,0.5,0,0,0,1,3.00555,1.66518,-2.84105,-2.25753e-07,-0.394933,0.136042,0.0578489,0.136042,3
0.6,0,0.7,0,0,0,1,-0.336616,-1.80178,0.860749,-1.33279e-07,-0.629766,-2.80498,0.0285899,0.198221,4
0.6,0,0.8,0,0,0,1,-1.00577,-1.52873,1.01048,1.73596e-07,-1.05254,-2.13583,0.0320576,0.471266,4
0.6,0,0.9,0,0,0,1,-2.58009,-1.65103,0.967513,-5.02865e-09,-0.887283,-0.561499,0.0302637,0.348973,4
0.6,0,1,0,0,0,1,-2.88514,-1.87718,0.749292,1.26154e-06,-0.442909,-0.256458,0.0297692,0.122822,4
0.6,0,1.1,0,0,0,1,-2.97744,-1.92806,0.406104,-9.44568e-07,-0.0488447,-0.16415,0.0430889,0.0719446,4
0.6,0,1.2,0,0,0,1,-3.02113,-1.83377,-0.0648696,-1.58496e-08,0.327844,-0.120467,0.0664071,0.120467,3
0.6,0,1.3,0,0,0,1,-3.0465,-1.51604,-0.891597,-1.03692e-09,0.836839,-0.0950908,0.0887442,0.0950908,3
0.6,0.1,0.4,0,0,0,1,0.127723,-1.70098,-0.449237,-5.72123e-06,0.579416,3.01388,0.0808715,0.127716,8
0.6,0.1,0.5,0,0,0,1,0.165969,-1.88989,0.149964,3.10416e-05,0.169131,2.97559,0.0560539,0.110109,4
0.6,0.1,0.6,0,0,0,1,0.23632,-1.9264,0.559583,-9.85242e-07,-0.203984,2.90527,0.0360107,0.0736041,4
0.6,0.1,0.7,0,0,0,1,0.404599,-1.81,0.851757,6.41812e-07,-0.612552,2.73699,0.0285887,0.189999,4
0.6,0.1,0.8,0,0,0,1,1.09279,-1.5652,1.00026,-8.69095e-08,-1.00586,2.0488,0.0315484,0.434802,4
0.6,0.1,0.9,0,0,0,1,2.48563,-1.67109,0.957721,-7.18495e-08,-0.857427,0.655968,0.0299626,0.32891,4
0.6,0.1,1,0,0,0,1,2.83108,-1.88102,0.740912,-4.22959e-06,-0.430684,0.310517,0.02995,0.118977,4
0.6,0.1,1.1,0,0,0,1,2.94161,-1.92757,0.398704,1.10944e-06,-0.0419344,0.199986,0.0434533,0.0724341,4
0.6,0.1,1.2,0,0,0,1,2.99453,-1.83149,-0.072493,-1.99916e-08,0.333188,0.147063,0.0667515,0.147063,3
0.6,0.1,1.3,0,0,0,1,3.0254,-1.5084,-0.908642,8.79867e-09,0.84625,0.116189,0.0888549,0.116189,3
0.6,0.2,0.5,0,0,0,1,0.440931,-1.85125,-0.0042755,1.5951e-05,0.284726,2.70065,0.0636046,0.148748,4
0.6,0.2,0.6,0,0,0,1,0.596104,-1.92781,0.402267,6.97554e-06,-0.0452531,2.54548,0.0432778,0.0721897,4
0.6,0.2,0.7,0,0,0,1,0.878645,-1.90506,0.674685,-2.8572e-08,-0.340417,2.26295,0.031737,0.0949358,4
0.6,0.2,0.8,0,0,0,1,1.38893,-1.84576,0.805195,-9.75434e-09,-0.530232,1.75266,0.0288705,0.154241,4
0.6,0.2,0.9,0,0,0,1,2.00287,-1.86758,0.768487,-6.32719e-09,-0.471703,1.13872,0.0293983,0.13242,4
0.6,0.2,1,0,0,0,1,2.40656,-1.92492,0.573416,-5.81118e-09,-0.219297,0.73503,0.0354365,0.0750839,4
0.6,0.2,1.1,0,0,0,1,2.62275,-1.90867,0.245711,3.75843e-09,0.0921598,0.518842,0.051187,0.0913329,4
0.6,0.2,1.2,0,0,0,1,2.74625,-1.77852,-0.236787,-2.04224e-08,0.444506,0.395346,0.0736588,0.221485,4
0.6,0.3,0.5,0,0,0,1,-2.48146,1.52019,-2.35624,3.41122e-08,-0.734751,-0.660136,0.0801368,0.479809,4
0.6,0.3,0.6,0,0,0,1,-2.30141,1.65305,-2.78776,4.55815e-08,-0.436079,-0.840184,0.0607313,0.346955,4
0.6,0.3,0.7,0,0,0,1,-2.03756,1.69833,-3.04715,6.41817e-08,-0.22198,-1.10403,0.0461781,0.0944434,5
0.6,0.3,0.8,0,0,0,1,1.45947,-1.9303,0.47934,-1.2568e-06,-0.119834,1.68213,0.0395767,0.0696978,4
0.6,0.3,0.9,0,0,0,1,1.8441,-1.92993,0.447327,-1.10756e-06,-0.0881963,1.29749,0.0410883,0.070073,4
0.6,0.3,1,0,0,0,1,2.16278,-1.91259,0.269567,5.9737e-06,0.0722277,0.978804,0.0499682,0.0874091,4
0.6,0.3,1.1,0,0,0,1,2.38745,-1.83664,-0.0551931,1.52704e-06,0.321036,0.754142,0.0659671,0.163361,4
0.6,0.3,1.2,0,0,0,1,2.53998,-1.63559,-0.613348,1.1365e-07,0.678138,0.601612,0.084939,0.364415,4
0.6,0.4,0.5,0,0,0,1,0.824177,-1.42189,-1.09701,2.56009e-10,0.948095,2.31742,0.0892098,0.578115,4
0.6,0.4,0.6,0,0,0,1,0.998907,-1.72966,-0.373436,-1.24048e-05,0.532293,2.1427,0.0785411,0.270345,4
0.6,0.4,0.7,0,0,0,1,1.2235,-1.82799,-0.084104,1.10003e-06,0.341293,1.91809,0.0672724,0.172015,4
0.6,0.4,0.8,0,0,0,1,1.49066,-1.86154,0.0334972,1.15664e-06,0.257244,1.65093,0.0618043,0.138462,4
0.6,0.4,0.9,0,0,0,1,1.7695,-1.8529,0.00164711,9.38248e-07,0.280453,1.37209,0.0633247,0.147104,4
0.6,0.4,1,0,0,0,1,2.02078,-1.79626,-0.184081,4.82868e-07,0.409544,1.12082,0.0715572,0.203741,4
0.6,0.4,1.1,0,0,0,1,2.22364,-1.64996,-0.578156,1.56086e-07,0.657324,0.917954,0.0841815,0.350035,4
0.6,0.5,0.7,0,0,0,1,1.29554,-1.5216,-0.87914,-6.77001e-08,0.82994,1.84605,0.0886548,0.478404,4
0.6,0.5,0.8,0,0,0,1,1.50822,-1.61313,-0.667467,-6.83556e-08,0.709802,1.63337,0.0859817,0.386868,4
0.6,0.5,0.9,0,0,0,1,1.72663,-1.5914,-0.718954,-6.14375e-08,0.739557,1.41496,0.0868366,0.408601,4
0.6,0.5,1,0,0,0,1,1.93121,-1.37853,-1.18844,-4.18357e-08,0.99617,1.21038,0.0888493,0.574626,7
0.7,-0.3,0.6,0,0,0,1,2.15584,1.0927,-1.85646,2.08693e-09,-0.807033,0.98575,0.0718593,0.763763,7
0.7,-0.3,0.7,0,0,0,1,1.9274,1.23282,-2.2543,1.8791e-09,-0.549318,1.2142,0.0638706,0.767179,4
0.7,-0.3,0.8,0,0,0,1,1.65325,1.2701,-2.39131,1.73567e-09,-0.449581,1.48834,0.0592131,0.729902,4
0.7,-0.3,0.9,0,0,0,1,1.36645,1.26091,-2.35501,1.14e-09,-0.47669,1.77514,0.0605392,0.739093,4
0.7,-0.3,1,0,0,0,1,1.10946,1.19354,-2.12992,3.29748e-10,-0.634414,2.03213,0.067257,0.806458,4
0.7,-0.2,0.5,0,0,0,1,2.50085,0.556501,-0.780752,-1.42119e-11,-1.34655,0.640744,0.0628927,0.224251,7
0.7,-0.2,0.6,0,0,0,1,2.32145,0.186917,-0.230106,-1.7578e-07,-1.52761,0.820148,0.0520225,0.0431897,7
0.7,-0.2,0.7,0,0,0,1,-1.08767,-0.183285,-2.7272,1.69664e-09,1.33969,-2.05393,0.0457504,0.231108,7
0.7,-0.2,0.8,0,0,0,1,-1.45493,-0.0700905,-2.84197,-1.16775e-08,1.34127,-1.68666,0.0433515,0.22953,7
0.7,-0.2,0.9,0,0,0,1,-1.85474,-0.102243,-2.81071,-2.62072e-08,1.34216,-1.28685,0.0440096,0.228638,7
0.7,-0.2,1,0,0,0,1,-2.18156,-0.26933,-2.63115,-3.71758e-08,1.32968,-0.960036,0.0477232,0.241114,7
0.7,-0.2,1.1,0,0,0,1,-2.4075,-0.546477,-2.27073,-4.39685e-08,1.24641,-0.73409,0.0548233,0.324386,7
0.7,-0.1,0.5,0,0,0,1,2.726,1.24972,-2.3133,2.27845e-06,-0.507215,0.415589,0.0619819,0.415592,3
0.7,-0.1,0.6,0,0,0,1,2.57626,1.32439,-2.75143,6.68667e-07,-0.143759,0.565332,0.0429843,0.390165,5
0.7,-0.1,0.7,0,0,0,1,2.29609,1.29003,-3.01094,2.43228e-06,0.150113,0.845498,0.0296914,0.130652,5
0.7,-0.1,0.8,0,0,0,1,1.76498,1.22932,-3.12616,-3.85393e-08,0.326044,1.37661,0.0250133,0.0154368,5
0.7,-0.1,0.9,0,0,0,1,1.11266,1.25082,-3.09441,-2.14565e-06,0.272792,2.02894,0.0260974,0.0471835,5
0.7,-0.1,1,0,0,0,1,0.701792,1.31392,-2.91736,-1.0217e-06,0.0326425,2.4398,0.0343669,0.224235,5
0.7,-0.1,1.1,0,0,0,1,0.490454,1.30987,-2.59091,8.23099e-07,-0.289759,2.65114,0.050831,0.490455,8
0.7,-0.1,1.2,0,0,0,1,0.372064,1.15323,-2.01463,-2.02488e-07,-0.709393,2.76953,0.0696673,0.372063,8
0.7,0,0.4,0,0,0,1,3.03703,0.968156,-1.566,4.59323e-08,-0.972953,0.104562,0.0728337,0.104562,3
0.7,0,0.5,0,0,0,1,-0.136045,-1.51484,-0.211735,9.49967e-06,0.155774,-3.00556,0.0539865,0.136036,8
0.7,0,0.6,0,0,0,1,-0.194312,-1.54437,0.205957,3.25815e-08,-0.23238,-2.94728,0.0370548,0.194312,8
0.7,0,0.7,0,0,0,1,-0.336623,-1.43558,0.466861,-1.90348e-08,-0.602076,-2.80497,0.0297315,0.336623,8
0.7,0,0.8,0,0,0,1,-1.00577,-1.23932,0.585915,-7.87501e-09,-0.917391,-2.13582,0.0308438,0.653405,7
0.7,0,0.9,0,0,0,1,-2.58009,-1.32365,0.552877,2.91822e-09,-0.800023,-0.561499,0.0299245,0.561499,3
0.7,0,1,0,0,0,1,-2.88514,-1.49807,0.371683,-3.90534e-07,-0.444407,-0.256456,0.0314831,0.256457,3
0.7,0,1.1,0,0,0,1,-2.97744,-1.55005,0.0492989,-6.56086e-07,-0.0700489,-0.164151,0.043484,0.164152,3
0.7,0,1.2,0,0,0,1,-3.02113,-1.44641,-0.471418,3.85792e-07,0.347036,-0.120467,0.0623579,0.120467,3
0.7,0.1,0.4,0,0,0,1,0.127723,-0.991739,-1.53043,-6.22881e-08,0.951369,3.01387,0.0671119,0.127723,8
0.7,0.1,0.5,0,0,0,1,0.165973,-0.405304,-2.46397,1.59426e-09,1.29847,2.97562,0.0510785,0.165973,8
0.7,0.1,0.6,0,0,0,1,0.236319,-0.0267422,-2.88244,1.54731e-09,1.33838,2.90527,0.0424937,0.232413,7
0.7,0.1,0.7,0,0,0,1,-2.737,-0.556845,0.459363,2.31106e-08,-1.47332,-0.404592,0.0379823,0.0974812,7
0.7,0.1,0.8,0,0,0,1,-2.0488,-0.849847,0.578147,2.31353e-08,-1.2991,-1.09279,0.0351424,0.2717,7
0.7,0.1,0.9,0,0,0,1,-0.655994,-0.744202,0.545215,5.96752e-09,-1.37181,-2.4856,0.03612,0.198986,7
0.7,0.1,1,0,0,0,1,-0.310513,-0.405053,0.364324,4.57441e-08,-1.53007,-2.83108,0.0398445,0.0407297,7
0.7,0.1,1.2,0,0,0,1,-0.147064,0.366657,-0.481003,-5.37256e-08,-1.45645,-2.99453,0.0571087,0.114347,7
0.7,0.2,0.5,0,0,0,1,-2.70066,0.309122,-0.397205,-1.10728e-09,-1.48271,-0.440931,0.0554289,0.0880835,7
0.7,0.2,0.6,0,0,0,1,0.596108,-1.54987,0.0454461,8.55561e-08,-0.0663752,2.54548,0.0436453,0.450133,4
0.7,0.2,0.7,0,0,0,1,0.878647,-1.52351,0.305219,-3.53356e-07,-0.352505,2.26295,0.033449,0.47649,4
0.7,0.2,0.8,0,0,0,1,1.38893,-1.4712,0.420062,-1.09195e-07,-0.519659,1.75266,0.0304003,0.5288,4
0.7,0.2,0.9,0,0,0,1,2.00287,-1.4897,0.388458,-1.9814e-08,-0.469555,1.13873,0.0310691,0.510301,4
0.7,0.2,1,0,0,0,1,2.40656,-1.5436,0.211719,6.6093e-08,-0.23892,0.73503,0.0368303,0.456405,4
0.7,0.2,1.1,0,0,0,1,2.62275,-1.53263,-0.116005,2.46983e-07,0.0778397,0.518842,0.0502975,0.467369,4
0.7,0.2,1.2,0,0,0,1,2.74625,-1.36629,-0.705046,-9.01329e-07,0.500544,0.395348,0.0673669,0.395347,3
0.7,0.3,0.5,0,0,0,1,-2.48146,0.599416,-0.853508,1.12571e-07,-1.3167,-0.660137,0.0642202,0.254092,7
0.7,0.3,0.6,0,0,0,1,-2.30141,0.217989,-0.271174,2.26366e-07,-1.51761,-0.840188,0.0528661,0.0531857,7
0.7,0.3,0.7,0,0,0,1,-2.03756,-0.00887012,0.00622309,-8.84971e-08,-1.56814,-1.10403,0.047121,0.00265165,7
0.7,0.3,0.8,0,0,0,1,-1.68212,1.32444,-2.80537,-4.11259e-09,-0.0898588,-1.45947,0.0402017,0.336218,5
0.7,0.3,0.9,0,0,0,1,-1.29749,1.32475,-2.774,1.95028e-09,-0.121547,-1.8441,0.0418255,0.367592,5
0.7,0.3,1,0,0,0,1,-0.978811,1.31017,-2.59299,1.68528e-09,-0.287972,-2.16278,0.0507341,0.548602,5
0.7,0.3,1.1,0,0,0,1,-0.754143,1.22382,-2.22442,8.91633e-10,-0.570205,-2.38745,0.0647589,0.754143,8
0.7,0.4,0.6,0,0,0,1,-2.14268,0.650768,-0.943062,-1.92366e-09,-1.2785,-0.998908,0.0657925,0.292294,7
0.7,0.4,0.7,0,0,0,1,-1.91809,0.37653,-0.495718,8.39181e-10,-1.45161,-1.2235,0.0574012,0.119188,7
0.7,0.4,0.8,0,0,0,1,-1.65093,0.277371,-0.352358,8.15552e-10,-1.49581,-1.49066,0.0545216,0.0749877,7
0.7,0.4,0.9,0,0,0,1,-1.37209,0.304139,-0.3901,7.4057e-10,-1.48484,-1.7695,0.0552855,0.0859612,7
0.7,0.4,1,0,0,0,1,-1.12082,0.463,-0.628648,6.24885e-10,-1.40515,-2.02078,0.0600094,0.165648,7
0.8,-0.3,0.8,0,0,0,1,-1.48834,-0.800754,-1.40672,-1.42927e-08,0.636678,-1.65325,0.043029,0.934119,7
0.8,-0.2,0.6,0,0,0,1,-0.820148,-0.648799,-1.68142,-6.15275e-09,0.759422,-2.32144,0.0406643,0.811374,7
0.8,-0.2,0.7,0,0,0,1,-1.08767,-0.320465,-2.15912,-3.97642e-09,0.908793,-2.05393,0.0356611,0.662004,7
0.8,-0.2,0.8,0,0,0,1,-1.45493,-0.195423,-2.30562,-3.36849e-09,0.930246,-1.68666,0.033939,0.64055,7
0.8,-0.2,0.9,0,0,0,1,-1.85474,-0.229826,-2.26717,-2.30961e-09,0.9262,-1.28685,0.0344118,0.644597,7
0.8,-0.2,1,0,0,0,1,-2.18156,-0.425248,-2.02184,-1.0892e-09,0.876293,-0.960034,0.0371536,0.694504,7
0.8,-0.1,0.6,0,0,0,1,-0.56534,-0.294284,-2.19134,-1.36524e-07,0.914828,-2.57625,0.0352981,0.565341,8
0.8,-0.1,0.7,0,0,0,1,-0.845491,0.00210567,-2.49931,-1.38537e-07,0.926405,-2.2961,0.0311144,0.642286,5
0.8,-0.1,0.8,0,0,0,1,-1.37661,0.159779,-2.62058,-1.26835e-07,0.890002,-1.76498,0.0285717,0.521015,5
0.8,-0.1,0.9,0,0,0,1,-2.02893,0.113253,-2.58793,-6.89224e-08,0.903881,-1.11266,0.029359,0.553663,5
0.8,-0.1,1,0,0,0,1,-2.4398,-0.110345,-2.39468,-4.17729e-10,0.934225,-0.701791,0.0327534,0.636572,7
0.8,-0.1,1.1,0,0,0,1,-2.65113,-0.470654,-1.95807,4.73857e-08,0.857923,-0.49046,0.0378269,0.49046,3
0.8,0,0.5,0,0,0,1,-0.136045,-1.00243,-0.955684,-4.43684e-06,0.38732,-3.00554,0.0436521,0.13605,8
0.8,0,0.6,0,0,0,1,-0.194312,-1.14997,-0.321155,-3.61344e-06,-0.0996682,-2.94728,0.031883,0.194315,8
0.8,0,0.7,0,0,0,1,-0.336618,-1.08824,-0.0383714,6.64793e-07,-0.444189,-2.80498,0.0238156,0.336617,8
0.8,0,0.8,0,0,0,1,-1.00577,-0.947347,0.0779831,-1.40672e-07,-0.701432,-2.13582,0.0233598,0.869364,7
0.8,0,0.9,0,0,0,1,-2.58009,-1.00853,0.0464041,7.24847e-09,-0.60867,-0.561499,0.0229177,0.561499,3
0.8,0,1,0,0,0,1,-2.88513,-1.12987,-0.136716,2.34701e-06,-0.30421,-0.25646,0.0262909,0.256458,3
0.8,0,1.1,0,0,0,1,-2.97744,-1.12933,-0.516734,-1.30795e-07,0.0752683,-0.164151,0.0371965,0.164151,3
0.8,0.1,0.5,0,0,0,1,-2.97562,0.406412,-0.975524,2.85611e-07,-1.00168,-0.165974,0.0426026,0.165973,3
0.8,0.1,0.6,0,0,0,1,-2.90527,-0.0761074,-0.329726,2.53878e-07,-1.16496,-0.23632,0.0355883,0.236319,3
0.8,0.1,0.7,0,0,0,1,-2.737,-0.41233,-0.0459349,2.55225e-07,-1.11253,-0.404591,0.0313357,0.404591,3
0.8,0.1,0.8,0,0,0,1,-2.04879,-0.654066,0.0706071,2.08831e-07,-0.987338,-1.0928,0.0278529,0.583459,7
0.8,0.1,0.9,0,0,0,1,-0.656002,-0.569643,0.0390044,-8.46201e-08,-1.04016,-2.48559,0.0291309,0.530638,7
0.8,0.1,1,0,0,0,1,-0.310513,-0.276234,-0.144534,1.3395e-10,-1.15003,-2.83108,0.0331005,0.310513,8
0.8,0.1,1.1,0,0,0,1,-0.199986,0.0958174,-0.526691,1.08125e-08,-1.13992,-2.94161,0.0377943,0.199986,8
0.8,0.2,0.6,0,0,0,1,0.596108,-1.12837,-0.521939,2.8095e-05,0.0795159,2.54546,0.0373186,0.596136,8
0.8,0.2,0.7,0,0,0,1,0.878638,-1.14415,-0.208466,7.71714e-07,-0.218175,2.26295,0.0284393,0.855845,4
0.8,0.2,0.8,0,0,0,1,1.38893,-1.11256,-0.0861086,9.09576e-11,-0.372132,1.75266,0.0249098,0.887445,4
0.8,0.2,0.9,0,0,0,1,2.00287,-1.12464,-0.119013,-7.86941e-08,-0.327145,1.13872,0.0257902,0.875362,4
0.8,0.2,1,0,0,0,1,2.40656,-1.15005,-0.31445,-2.392e-07,-0.106301,0.735031,0.0316804,0.73503,3
0.8,0.2,1.1,0,0,0,1,2.62274,-1.06802,-0.764621,-5.80966e-07,0.261839,0.518849,0.0418325,0.518849,3
0.8,0.3,0.6,0,0,0,1,0.840189,-0.72683,-1.54545,-4.4755e-08,0.701485,2.3014,0.0419341,0.840189,8
0.8,0.3,0.7,0,0,0,1,1.10403,-0.360747,-2.10795,-4.05087e-07,0.897901,2.03756,0.0362263,0.672895,7
0.8,0.3,0.8,0,0,0,1,1.45946,-0.235646,-2.26053,-4.21671e-07,0.925383,1.68213,0.034492,0.645413,7
0.8,0.3,0.9,0,0,0,1,1.8441,-0.26981,-2.22072,-4.02626e-07,0.919734,1.29749,0.0349611,0.651062,7
0.8,0.3,1,0,0,0,1,2.16278,-0.468259,-1.96149,-3.57214e-07,0.858955,0.978815,0.0377908,0.711841,7
0.9,-0.1,0.8,0,0,0,1,1.76498,0.359317,-1.71087,-3.73511e-08,-0.219245,1.37661,0.0111908,1.35155,7
0.9,-0.1,0.9,0,0,0,1,1.11265,0.335883,-1.61171,5.98374e-09,-0.294971,2.02894,0.0120738,1.11265,8
0.9,0,0.7,0,0,0,1,2.80498,0.367962,-1.77218,1.44252e-08,-0.166581,0.336616,0.0103414,0.336616,3
0.9,0,0.8,0,0,0,1,2.1358,0.31601,-1.99354,8.7323e-08,0.106738,1.00579,0.00452388,1.00579,3
0.9,0,0.9,0,0,0,1,0.561499,0.351591,-1.94034,8.89364e-05,0.0179523,2.58001,0.00636047,0.561587,8
0.9,0.1,0.7,0,0,0,1,0.404591,-0.184567,-1.75436,-3.30748e-08,0.368133,2.737,0.00932098,0.404591,8
0.9,0.1,0.8,0,0,0,1,1.09282,0.0782972,-1.98143,-3.20324e-08,0.332339,2.04877,0.00698884,1.09282,8
0.9,0.1,0.9,0,0,0,1,2.48559,-0.00415534,-1.92732,-9.99738e-09,0.360679,0.656004,0.00802265,0.656004,3
0.9,0.2,0.8,0,0,0,1,1.38893,-0.271898,-1.6445,-1.26999e-07,0.345604,1.75266,0.00976523,1.22519,7
0.9,0.2,0.9,0,0,0,1,2.00287,-0.361604,-1.51121,-2.72558e-08,0.302014,1.13872,0.0102826,1.13872,3
