0.0    0.0    0.0    1.0
0.0    0.0    0.3826834323650898    0.9238795325112867
0.0    0.0    0.7071067811865475    0.7071067811865476
0.0    0.0    0.9238795325112867    0.38268343236508984
0.0    0.0    1.0    6.123233995736766e-17
-0.0    0.0    0.9238795325112867    -0.3826834323650897
-0.0    0.0    0.7071067811865476    -0.7071067811865475
-0.0    0.0    0.3826834323650899    -0.9238795325112867
0.0    0.3826834323650898    0.0    0.9238795325112867
-0.14644660940672624    0.3535533905932738    0.3535533905932738    0.8535533905932737
-0.27059805007309845    0.2705980500730985    0.6532814824381882    0.6532814824381883
-0.3535533905932738    0.14644660940672627    0.8535533905932737    0.35355339059327384
-0.3826834323650898    2.3432602026631493e-17    0.9238795325112867    5.657130561438501e-17
-0.3535533905932738    -0.1464466094067262    0.8535533905932737    -0.35355339059327373
-0.2705980500730985    -0.27059805007309845    0.6532814824381883    -0.6532814824381882
-0.1464466094067263    -0.3535533905932738    0.35355339059327384    -0.8535533905932737
0.0    0.7071067811865475    0.0    0.7071067811865476
-0.27059805007309845    0.6532814824381882    0.2705980500730985    0.6532814824381883
-0.4999999999999999    0.5    0.5    0.5000000000000001
-0.6532814824381882    0.2705980500730985    0.6532814824381883    0.27059805007309856
-0.7071067811865475    4.329780281177466e-17    0.7071067811865476    4.329780281177467e-17
-0.6532814824381882    -0.27059805007309845    0.6532814824381883    -0.2705980500730985
-0.5    -0.4999999999999999    0.5000000000000001    -0.5
-0.27059805007309856    -0.6532814824381882    0.2705980500730986    -0.6532814824381883
0.0    0.9238795325112867    0.0    0.38268343236508984
-0.3535533905932738    0.8535533905932737    0.14644660940672627    0.35355339059327384
-0.6532814824381882    0.6532814824381883    0.2705980500730985    0.27059805007309856
-0.8535533905932737    0.35355339059327384    0.35355339059327384    0.1464466094067263
-0.9238795325112867    5.657130561438501e-17    0.38268343236508984    2.3432602026631496e-17
-0.8535533905932737    -0.35355339059327373    0.35355339059327384    -0.14644660940672624
-0.6532814824381883    -0.6532814824381882    0.27059805007309856    -0.2705980500730985
-0.35355339059327384    -0.8535533905932737    0.1464466094067263    -0.35355339059327384
0.0    1.0    0.0    6.123233995736766e-17
-0.3826834323650898    0.9238795325112867    2.3432602026631493e-17    5.657130561438501e-17
-0.7071067811865475    0.7071067811865476    4.329780281177466e-17    4.329780281177467e-17
-0.9238795325112867    0.38268343236508984    5.657130561438501e-17    2.3432602026631496e-17
-1.0    6.123233995736766e-17    6.123233995736766e-17    3.749399456654644e-33
-0.9238795325112867    -0.3826834323650897    5.657130561438501e-17    -2.3432602026631487e-17
-0.7071067811865476    -0.7071067811865475    4.329780281177467e-17    -4.329780281177466e-17
-0.3826834323650899    -0.9238795325112867    2.34326020266315e-17    -5.657130561438501e-17
-0.0    0.9238795325112867    -0.0    -0.3826834323650897
-0.3535533905932738    0.8535533905932737    -0.1464466094067262    -0.35355339059327373
-0.6532814824381882    0.6532814824381883    -0.27059805007309845    -0.2705980500730985
-0.8535533905932737    0.35355339059327384    -0.35355339059327373    -0.14644660940672624
-0.9238795325112867    5.657130561438501e-17    -0.3826834323650897    -2.3432602026631487e-17
-0.8535533905932737    -0.35355339059327373    -0.35355339059327373    0.1464466094067262
-0.6532814824381883    -0.6532814824381882    -0.2705980500730985    0.27059805007309845
-0.35355339059327384    -0.8535533905932737    -0.14644660940672627    0.35355339059327373
-0.0    0.7071067811865476    -0.0    -0.7071067811865475
-0.2705980500730985    0.6532814824381883    -0.27059805007309845    -0.6532814824381882
-0.5    0.5000000000000001    -0.4999999999999999    -0.5
-0.6532814824381883    0.27059805007309856    -0.6532814824381882    -0.2705980500730985
-0.7071067811865476    4.329780281177467e-17    -0.7071067811865475    -4.329780281177466e-17
-0.6532814824381883    -0.2705980500730985    -0.6532814824381882    0.27059805007309845
-0.5000000000000001    -0.5    -0.5    0.4999999999999999
-0.2705980500730986    -0.6532814824381883    -0.27059805007309856    0.6532814824381882
-0.0    0.3826834323650899    -0.0    -0.9238795325112867
-0.1464466094067263    0.35355339059327384    -0.3535533905932738    -0.8535533905932737
-0.27059805007309856    0.2705980500730986    -0.6532814824381882    -0.6532814824381883
-0.35355339059327384    0.1464466094067263    -0.8535533905932737    -0.35355339059327384
-0.3826834323650899    2.34326020266315e-17    -0.9238795325112867    -5.657130561438501e-17
-0.35355339059327384    -0.14644660940672627    -0.8535533905932737    0.35355339059327373
-0.2705980500730986    -0.27059805007309856    -0.6532814824381883    0.6532814824381882
-0.14644660940672632    -0.35355339059327384    -0.35355339059327384    0.8535533905932737
0.3826834323650898    0.0    0.0    0.9238795325112867
0.3535533905932738    0.14644660940672624    0.3535533905932738    0.8535533905932737
0.2705980500730985    0.27059805007309845    0.6532814824381882    0.6532814824381883
0.14644660940672627    0.3535533905932738    0.8535533905932737    0.35355339059327384
2.3432602026631493e-17    0.3826834323650898    0.9238795325112867    5.657130561438501e-17
-0.1464466094067262    0.3535533905932738    0.8535533905932737    -0.35355339059327373
-0.27059805007309845    0.2705980500730985    0.6532814824381883    -0.6532814824381882
-0.3535533905932738    0.1464466094067263    0.35355339059327384    -0.8535533905932737
0.3535533905932738    0.3535533905932738    -0.14644660940672624    0.8535533905932737
0.1913417161825449    0.46193976625564337    0.1913417161825449    0.8446231986207332
5.551115123125783e-17    0.5    0.49999999999999994    0.7071067811865475
-0.19134171618254486    0.4619397662556434    0.7325378163287418    0.4619397662556435
-0.3535533905932738    0.3535533905932738    0.8535533905932737    0.1464466094067263
-0.46193976625564337    0.1913417161825449    0.8446231986207331    -0.19134171618254484
-0.5    5.551115123125783e-17    0.7071067811865475    -0.49999999999999994
-0.4619397662556435    -0.19134171618254484    0.4619397662556435    -0.7325378163287418
0.2705980500730985    0.6532814824381882    -0.27059805007309845    0.6532814824381883
2.7755575615628914e-17    0.7071067811865474    5.551115123125783e-17    0.7071067811865475
-0.27059805007309834    0.6532814824381883    0.2705980500730985    0.6532814824381883
-0.49999999999999983    0.5    0.5    0.5
-0.6532814824381882    0.27059805007309856    0.6532814824381883    0.2705980500730985
-0.7071067811865474    5.551115123125783e-17    0.7071067811865475    -2.7755575615628914e-17
-0.6532814824381883    -0.27059805007309834    0.6532814824381883    -0.2705980500730985
-0.5    -0.49999999999999983    0.5    -0.49999999999999994
0.14644660940672627    0.8535533905932737    -0.3535533905932738    0.35355339059327384
-0.19134171618254486    0.8446231986207332    -0.19134171618254486    0.4619397662556435
-0.49999999999999994    0.7071067811865475    0.0    0.5
-0.7325378163287418    0.4619397662556435    0.19134171618254492    0.4619397662556435
-0.8535533905932737    0.14644660940672632    0.35355339059327384    0.3535533905932738
-0.8446231986207332    -0.1913417161825448    0.4619397662556435    0.1913417161825449
-0.7071067811865475    -0.49999999999999994    0.5    0.0
-0.4619397662556435    -0.7325378163287418    0.4619397662556435    -0.1913417161825449
2.3432602026631493e-17    0.9238795325112867    -0.3826834323650898    5.657130561438501e-17
-0.3535533905932738    0.8535533905932737    -0.3535533905932738    0.1464466094067263
-0.6532814824381882    0.6532814824381883    -0.27059805007309845    0.2705980500730985
-0.8535533905932737    0.35355339059327384    -0.1464466094067262    0.3535533905932738
-0.9238795325112867    8.000390764101651e-17    3.313870358775352e-17    0.3826834323650898
-0.8535533905932737    -0.35355339059327373    0.14644660940672627    0.3535533905932738
-0.6532814824381883    -0.6532814824381882    0.2705980500730985    0.27059805007309845
-0.35355339059327384    -0.8535533905932737    0.3535533905932738    0.14644660940672624
-0.1464466094067262    0.8535533905932737    -0.3535533905932738    -0.35355339059327373
-0.46193976625564337    0.7325378163287419    -0.46193976625564337    -0.19134171618254484
-0.7071067811865475    0.5    -0.5    0.0
-0.8446231986207331    0.19134171618254497    -0.46193976625564337    0.1913417161825449
-0.8535533905932737    -0.14644660940672616    -0.35355339059327373    0.3535533905932738
-0.7325378163287419    -0.4619397662556433    -0.19134171618254484    0.46193976625564337
-0.5    -0.7071067811865475    0.0    0.5
-0.19134171618254497    -0.8446231986207332    0.19134171618254486    0.46193976625564337
-0.27059805007309845    0.6532814824381883    -0.2705980500730985    -0.6532814824381882
-0.49999999999999994    0.5    -0.5    -0.49999999999999983
-0.6532814824381883    0.27059805007309856    -0.6532814824381882    -0.27059805007309845
-0.7071067811865475    1.1102230246251565e-16    -0.7071067811865475    0.0
-0.6532814824381883    -0.2705980500730984    -0.6532814824381882    0.27059805007309845
-0.5    -0.4999999999999999    -0.4999999999999999    0.49999999999999994
-0.27059805007309856    -0.6532814824381883    -0.27059805007309845    0.6532814824381882
-1.6653345369377348e-16    -0.7071067811865475    -5.551115123125783e-17    0.7071067811865475
-0.3535533905932738    0.35355339059327384    -0.1464466094067263    -0.8535533905932737
-0.4619397662556434    0.19134171618254495    -0.4619397662556435    -0.7325378163287418
-0.5000000000000001    5.551115123125783e-17    -0.7071067811865476    -0.49999999999999994
-0.4619397662556435    -0.19134171618254484    -0.8446231986207332    -0.1913417161825449
-0.35355339059327384    -0.3535533905932738    -0.8535533905932737    0.14644660940672624
-0.19134171618254495    -0.46193976625564337    -0.7325378163287418    0.46193976625564337
-5.551115123125783e-17    -0.5000000000000001    -0.49999999999999994    0.7071067811865476
0.19134171618254484    -0.4619397662556435    -0.1913417161825449    0.8446231986207332
0.7071067811865475    0.0    0.0    0.7071067811865476
0.6532814824381882    0.27059805007309845    0.2705980500730985    0.6532814824381883
0.5    0.4999999999999999    0.5    0.5000000000000001
0.2705980500730985    0.6532814824381882    0.6532814824381883    0.27059805007309856
4.329780281177466e-17    0.7071067811865475    0.7071067811865476    4.329780281177467e-17
-0.27059805007309845    0.6532814824381882    0.6532814824381883    -0.2705980500730985
-0.4999999999999999    0.5    0.5000000000000001    -0.5
-0.6532814824381882    0.27059805007309856    0.2705980500730986    -0.6532814824381883
0.6532814824381882    0.2705980500730985    -0.27059805007309845    0.6532814824381883
0.49999999999999983    0.5    5.551115123125783e-17    0.7071067811865475
0.27059805007309845    0.6532814824381882    0.2705980500730985    0.6532814824381883
0.0    0.7071067811865475    0.5    0.5
-0.27059805007309845    0.6532814824381882    0.6532814824381883    0.2705980500730985
-0.49999999999999994    0.4999999999999999    0.7071067811865475    -2.7755575615628914e-17
-0.6532814824381882    0.27059805007309845    0.6532814824381883    -0.2705980500730985
-0.7071067811865475    5.551115123125783e-17    0.5    -0.49999999999999994
0.5    0.5    -0.4999999999999999    0.5000000000000001
0.27059805007309845    0.6532814824381883    -0.27059805007309834    0.6532814824381883
5.551115123125783e-17    0.7071067811865475    5.551115123125783e-17    0.7071067811865475
-0.27059805007309845    0.6532814824381883    0.2705980500730986    0.6532814824381883
-0.49999999999999994    0.5    0.5000000000000001    0.49999999999999994
-0.6532814824381883    0.2705980500730985    0.6532814824381883    0.27059805007309834
-0.7071067811865475    5.551115123125783e-17    0.7071067811865475    -5.551115123125783e-17
-0.6532814824381883    -0.27059805007309845    0.6532814824381883    -0.27059805007309856
0.2705980500730985    0.6532814824381883    -0.6532814824381882    0.27059805007309856
0.0    0.7071067811865475    -0.49999999999999983    0.5
-0.27059805007309845    0.6532814824381883    -0.27059805007309845    0.6532814824381882
-0.49999999999999994    0.5    5.551115123125783e-17    0.7071067811865475
-0.6532814824381883    0.27059805007309856    0.2705980500730985    0.6532814824381882
-0.7071067811865475    2.7755575615628914e-17    0.5    0.49999999999999983
-0.6532814824381883    -0.27059805007309845    0.6532814824381882    0.27059805007309845
-0.5000000000000001    -0.49999999999999994    0.7071067811865475    0.0
4.329780281177466e-17    0.7071067811865476    -0.7071067811865475    4.329780281177467e-17
-0.27059805007309845    0.6532814824381883    -0.6532814824381882    0.2705980500730985
-0.49999999999999994    0.5000000000000001    -0.49999999999999994    0.49999999999999994
-0.6532814824381883    0.2705980500730986    -0.27059805007309845    0.6532814824381882
-0.7071067811865476    8.659560562354933e-17    1.232595164407831e-32    0.7071067811865475
-0.6532814824381883    -0.27059805007309845    0.2705980500730985    0.6532814824381882
-0.5000000000000001    -0.49999999999999994    0.49999999999999994    0.49999999999999994
-0.2705980500730987    -0.6532814824381883    0.6532814824381882    0.2705980500730985
-0.27059805007309845    0.6532814824381883    -0.6532814824381882    -0.2705980500730985
-0.49999999999999994    0.5    -0.7071067811865474    -2.7755575615628914e-17
-0.6532814824381883    0.27059805007309856    -0.6532814824381883    0.27059805007309834
-0.7071067811865475    1.1102230246251565e-16    -0.5    0.49999999999999983
-0.6532814824381883    -0.2705980500730984    -0.27059805007309856    0.6532814824381882
-0.5    -0.4999999999999999    -5.551115123125783e-17    0.7071067811865474
-0.27059805007309856    -0.6532814824381883    0.27059805007309834    0.6532814824381883
-1.6653345369377348e-16    -0.7071067811865475    0.49999999999999983    0.5
-0.4999999999999999    0.5000000000000001    -0.5    -0.5
-0.6532814824381882    0.2705980500730987    -0.6532814824381883    -0.27059805007309845
-0.7071067811865475    1.6653345369377348e-16    -0.7071067811865475    -5.551115123125783e-17
-0.6532814824381883    -0.2705980500730983    -0.6532814824381883    0.27059805007309845
-0.5000000000000001    -0.49999999999999983    -0.5    0.49999999999999994
-0.2705980500730987    -0.6532814824381882    -0.2705980500730985    0.6532814824381883
-1.6653345369377348e-16    -0.7071067811865475    -5.551115123125783e-17    0.7071067811865475
0.27059805007309823    -0.6532814824381884    0.27059805007309845    0.6532814824381883
-0.6532814824381882    0.2705980500730986    -0.27059805007309856    -0.6532814824381883
-0.7071067811865475    1.3877787807814457e-16    -0.5    -0.49999999999999994
-0.6532814824381883    -0.2705980500730983    -0.6532814824381883    -0.2705980500730985
-0.5000000000000001    -0.4999999999999998    -0.7071067811865476    0.0
-0.2705980500730987    -0.6532814824381882    -0.6532814824381883    0.2705980500730985
-1.6653345369377348e-16    -0.7071067811865475    -0.49999999999999994    0.5
0.2705980500730983    -0.6532814824381883    -0.2705980500730985    0.6532814824381883
0.4999999999999998    -0.5000000000000002    -5.551115123125783e-17    0.7071067811865476
0.9238795325112867    0.0    0.0    0.38268343236508984
0.8535533905932737    0.3535533905932738    0.14644660940672627    0.35355339059327384
0.6532814824381883    0.6532814824381882    0.2705980500730985    0.27059805007309856
0.35355339059327384    0.8535533905932737    0.35355339059327384    0.1464466094067263
5.657130561438501e-17    0.9238795325112867    0.38268343236508984    2.3432602026631496e-17
-0.35355339059327373    0.8535533905932737    0.35355339059327384    -0.14644660940672624
-0.6532814824381882    0.6532814824381883    0.27059805007309856    -0.2705980500730985
-0.8535533905932737    0.35355339059327384    0.1464466094067263    -0.35355339059327384
0.8535533905932737    0.14644660940672627    -0.3535533905932738    0.35355339059327384
0.7325378163287418    0.4619397662556434    -0.19134171618254486    0.4619397662556435
0.49999999999999994    0.7071067811865475    0.0    0.5
0.19134171618254492    0.8446231986207332    0.19134171618254492    0.4619397662556435
-0.1464466094067262    0.8535533905932737    0.35355339059327384    0.3535533905932738
-0.46193976625564337    0.7325378163287418    0.4619397662556435    0.1913417161825449
-0.7071067811865475    0.49999999999999994    0.5    0.0
-0.8446231986207332    0.19134171618254492    0.4619397662556435    -0.1913417161825449
0.6532814824381883    0.2705980500730985    -0.6532814824381882    0.27059805007309856
0.49999999999999994    0.5    -0.49999999999999983    0.5
0.27059805007309856    0.6532814824381883    -0.27059805007309845    0.6532814824381882
5.551115123125783e-17    0.7071067811865475    5.551115123125783e-17    0.7071067811865475
-0.27059805007309845    0.6532814824381883    0.2705980500730985    0.6532814824381882
-0.5    0.5    0.5    0.49999999999999983
-0.6532814824381883    0.27059805007309856    0.6532814824381882    0.27059805007309845
-0.7071067811865476    1.1102230246251565e-16    0.7071067811865475    0.0
0.35355339059327384    0.35355339059327384    -0.8535533905932737    0.1464466094067263
0.19134171618254492    0.4619397662556435    -0.7325378163287418    0.4619397662556435
0.0    0.5000000000000001    -0.49999999999999994    0.7071067811865476
-0.1913417161825449    0.4619397662556435    -0.1913417161825449    0.8446231986207332
-0.35355339059327384    0.35355339059327384    0.14644660940672624    0.8535533905932737
-0.4619397662556435    0.19134171618254495    0.46193976625564337    0.7325378163287418
-0.5000000000000001    0.0    0.7071067811865476    0.49999999999999994
-0.4619397662556435    -0.1913417161825449    0.8446231986207332    0.1913417161825449
5.657130561438501e-17    0.38268343236508984    -0.9238795325112867    2.3432602026631496e-17
-0.1464466094067262    0.35355339059327384    -0.8535533905932737    0.3535533905932738
-0.27059805007309845    0.2705980500730986    -0.6532814824381883    0.6532814824381882
-0.35355339059327384    0.14644660940672635    -0.35355339059327384    0.8535533905932737
-0.38268343236508984    8.000390764101651e-17    -3.313870358775352e-17    0.9238795325112867
-0.35355339059327384    -0.14644660940672619    0.35355339059327373    0.8535533905932737
-0.2705980500730986    -0.27059805007309845    0.6532814824381882    0.6532814824381883
-0.14644660940672635    -0.35355339059327384    0.8535533905932737    0.35355339059327384
-0.35355339059327373    0.35355339059327384    -0.8535533905932737    -0.14644660940672624
-0.46193976625564337    0.19134171618254497    -0.8446231986207332    0.1913417161825449
-0.5    1.1102230246251565e-16    -0.7071067811865475    0.49999999999999994
-0.4619397662556435    -0.19134171618254478    -0.4619397662556435    0.7325378163287418
-0.35355339059327384    -0.35355339059327373    -0.1464466094067263    0.8535533905932737
-0.19134171618254497    -0.46193976625564337    0.19134171618254484    0.8446231986207331
-1.1102230246251565e-16    -0.5    0.49999999999999994    0.7071067811865475
0.19134171618254478    -0.4619397662556435    0.7325378163287418    0.4619397662556435
-0.6532814824381882    0.27059805007309856    -0.6532814824381883    -0.2705980500730985
-0.7071067811865475    8.326672684688674e-17    -0.7071067811865475    0.0
-0.6532814824381883    -0.27059805007309834    -0.6532814824381883    0.27059805007309845
-0.5    -0.49999999999999983    -0.5    0.49999999999999994
-0.2705980500730986    -0.6532814824381882    -0.27059805007309856    0.6532814824381883
-1.1102230246251565e-16    -0.7071067811865474    -2.7755575615628914e-17    0.7071067811865475
0.27059805007309834    -0.6532814824381883    0.27059805007309845    0.6532814824381883
0.4999999999999998    -0.5000000000000001    0.49999999999999994    0.5000000000000001
-0.8535533905932737    0.1464466094067263    -0.35355339059327384    -0.35355339059327384
-0.8446231986207332    -0.19134171618254484    -0.4619397662556435    -0.19134171618254492
-0.7071067811865476    -0.4999999999999999    -0.5000000000000001    0.0
-0.4619397662556435    -0.7325378163287418    -0.4619397662556435    0.1913417161825449
-0.14644660940672635    -0.8535533905932737    -0.35355339059327384    0.35355339059327384
0.19134171618254478    -0.8446231986207332    -0.19134171618254495    0.4619397662556435
0.4999999999999999    -0.7071067811865476    0.0    0.5000000000000001
0.7325378163287418    -0.4619397662556435    0.1913417161825449    0.4619397662556435
1.0    0.0    0.0    6.123233995736766e-17
0.9238795325112867    0.3826834323650898    2.3432602026631493e-17    5.657130561438501e-17
0.7071067811865476    0.7071067811865475    4.329780281177466e-17    4.329780281177467e-17
0.38268343236508984    0.9238795325112867    5.657130561438501e-17    2.3432602026631496e-17
6.123233995736766e-17    1.0    6.123233995736766e-17    3.749399456654644e-33
-0.3826834323650897    0.9238795325112867    5.657130561438501e-17    -2.3432602026631487e-17
-0.7071067811865475    0.7071067811865476    4.329780281177467e-17    -4.329780281177466e-17
-0.9238795325112867    0.3826834323650899    2.34326020266315e-17    -5.657130561438501e-17
0.9238795325112867    2.3432602026631493e-17    -0.3826834323650898    5.657130561438501e-17
0.8535533905932737    0.3535533905932738    -0.3535533905932738    0.1464466094067263
0.6532814824381883    0.6532814824381882    -0.27059805007309845    0.2705980500730985
0.35355339059327384    0.8535533905932737    -0.1464466094067262    0.3535533905932738
3.313870358775352e-17    0.9238795325112867    3.313870358775352e-17    0.3826834323650898
-0.35355339059327373    0.8535533905932737    0.14644660940672627    0.3535533905932738
-0.6532814824381882    0.6532814824381883    0.2705980500730985    0.27059805007309845
-0.8535533905932737    0.35355339059327384    0.3535533905932738    0.14644660940672624
0.7071067811865476    4.329780281177466e-17    -0.7071067811865475    4.329780281177467e-17
0.6532814824381883    0.27059805007309856    -0.6532814824381882    0.2705980500730985
0.5000000000000001    0.5    -0.49999999999999994    0.49999999999999994
0.2705980500730985    0.6532814824381883    -0.27059805007309845    0.6532814824381882
1.232595164407831e-32    0.7071067811865476    1.232595164407831e-32    0.7071067811865475
-0.27059805007309856    0.6532814824381883    0.2705980500730985    0.6532814824381882
-0.5    0.5000000000000001    0.49999999999999994    0.49999999999999994
-0.6532814824381883    0.27059805007309856    0.6532814824381882    0.2705980500730985
0.38268343236508984    5.657130561438501e-17    -0.9238795325112867    2.3432602026631496e-17
0.35355339059327384    0.14644660940672632    -0.8535533905932737    0.3535533905932738
0.2705980500730985    0.27059805007309856    -0.6532814824381883    0.6532814824381882
0.14644660940672624    0.35355339059327384    -0.35355339059327384    0.8535533905932737
-3.313870358775352e-17    0.38268343236508984    -3.313870358775352e-17    0.9238795325112867
-0.1464466094067263    0.35355339059327384    0.35355339059327373    0.8535533905932737
-0.27059805007309856    0.2705980500730985    0.6532814824381882    0.6532814824381883
-0.35355339059327384    0.14644660940672624    0.8535533905932737    0.35355339059327384
6.123233995736766e-17    6.123233995736766e-17    -1.0    3.749399456654644e-33
3.313870358775352e-17    8.000390764101651e-17    -0.9238795325112867    0.3826834323650898
1.232595164407831e-32    8.659560562354933e-17    -0.7071067811865476    0.7071067811865475
-3.313870358775352e-17    8.000390764101651e-17    -0.38268343236508984    0.9238795325112867
-6.123233995736766e-17    6.123233995736766e-17    -6.123233995736766e-17    1.0
-8.00039076410165e-17    3.313870358775353e-17    0.3826834323650897    0.9238795325112867
-8.659560562354933e-17    1.232595164407831e-32    0.7071067811865475    0.7071067811865476
-8.000390764101651e-17    -3.313870358775352e-17    0.9238795325112867    0.3826834323650899
-0.3826834323650897    5.657130561438501e-17    -0.9238795325112867    -2.3432602026631487e-17
-0.35355339059327373    -0.14644660940672616    -0.8535533905932737    0.3535533905932738
-0.27059805007309856    -0.2705980500730984    -0.6532814824381883    0.6532814824381882
-0.1464466094067263    -0.35355339059327373    -0.35355339059327384    0.8535533905932737
-8.00039076410165e-17    -0.3826834323650897    -8.00039076410165e-17    0.9238795325112867
0.14644660940672616    -0.35355339059327373    0.35355339059327373    0.8535533905932737
0.2705980500730984    -0.27059805007309856    0.6532814824381882    0.6532814824381883
0.35355339059327373    -0.14644660940672632    0.8535533905932737    0.35355339059327384
-0.7071067811865475    4.329780281177467e-17    -0.7071067811865476    -4.329780281177466e-17
-0.6532814824381882    -0.2705980500730984    -0.6532814824381883    0.27059805007309845
-0.5    -0.49999999999999983    -0.5000000000000001    0.49999999999999994
-0.27059805007309856    -0.6532814824381882    -0.2705980500730986    0.6532814824381883
-8.659560562354933e-17    -0.7071067811865475    -8.659560562354933e-17    0.7071067811865476
0.2705980500730984    -0.6532814824381882    0.27059805007309845    0.6532814824381883
0.49999999999999983    -0.5    0.49999999999999994    0.5000000000000001
0.6532814824381882    -0.2705980500730986    0.6532814824381883    0.2705980500730987
-0.9238795325112867    2.34326020266315e-17    -0.3826834323650899    -5.657130561438501e-17
-0.8535533905932737    -0.3535533905932738    -0.35355339059327384    0.14644660940672624
-0.6532814824381883    -0.6532814824381882    -0.2705980500730987    0.2705980500730985
-0.35355339059327384    -0.8535533905932737    -0.14644660940672635    0.35355339059327384
-8.000390764101651e-17    -0.9238795325112867    -8.000390764101651e-17    0.3826834323650899
0.35355339059327373    -0.8535533905932737    0.1464466094067262    0.35355339059327384
0.6532814824381882    -0.6532814824381883    0.2705980500730985    0.2705980500730987
0.8535533905932737    -0.35355339059327384    0.35355339059327384    0.14644660940672638
0.9238795325112867    0.0    -0.0    -0.3826834323650897
0.8535533905932737    0.3535533905932738    -0.1464466094067262    -0.35355339059327373
0.6532814824381883    0.6532814824381882    -0.27059805007309845    -0.2705980500730985
0.35355339059327384    0.8535533905932737    -0.35355339059327373    -0.14644660940672624
5.657130561438501e-17    0.9238795325112867    -0.3826834323650897    -2.3432602026631487e-17
-0.35355339059327373    0.8535533905932737    -0.35355339059327373    0.1464466094067262
-0.6532814824381882    0.6532814824381883    -0.2705980500730985    0.27059805007309845
-0.8535533905932737    0.35355339059327384    -0.14644660940672627    0.35355339059327373
0.8535533905932737    -0.1464466094067262    -0.3535533905932738    -0.35355339059327373
0.8446231986207331    0.19134171618254492    -0.46193976625564337    -0.19134171618254484
0.7071067811865475    0.5    -0.5    0.0
0.4619397662556434    0.7325378163287419    -0.46193976625564337    0.1913417161825449
0.14644660940672627    0.8535533905932737    -0.35355339059327373    0.3535533905932738
-0.19134171618254486    0.8446231986207331    -0.19134171618254484    0.46193976625564337
-0.5    0.7071067811865475    0.0    0.5
-0.7325378163287418    0.4619397662556434    0.19134171618254486    0.46193976625564337
0.6532814824381883    -0.27059805007309845    -0.6532814824381882    -0.2705980500730985
0.7071067811865475    5.551115123125783e-17    -0.7071067811865474    -2.7755575615628914e-17
0.6532814824381883    0.2705980500730985    -0.6532814824381883    0.27059805007309834
0.5    0.5    -0.5    0.49999999999999983
0.2705980500730985    0.6532814824381883    -0.27059805007309856    0.6532814824381882
-2.7755575615628914e-17    0.7071067811865475    -5.551115123125783e-17    0.7071067811865474
-0.2705980500730985    0.6532814824381883    0.27059805007309834    0.6532814824381883
-0.49999999999999994    0.5    0.49999999999999983    0.5
0.35355339059327384    -0.35355339059327373    -0.8535533905932737    -0.14644660940672624
0.4619397662556434    -0.1913417161825448    -0.8446231986207332    0.1913417161825449
0.5    5.551115123125783e-17    -0.7071067811865475    0.49999999999999994
0.46193976625564337    0.19134171618254495    -0.4619397662556435    0.7325378163287418
0.35355339059327373    0.35355339059327384    -0.1464466094067263    0.8535533905932737
0.19134171618254484    0.4619397662556434    0.19134171618254484    0.8446231986207331
-5.551115123125783e-17    0.5    0.49999999999999994    0.7071067811865475
-0.19134171618254492    0.46193976625564337    0.7325378163287418    0.4619397662556435
5.657130561438501e-17    -0.3826834323650897    -0.9238795325112867    -2.3432602026631487e-17
0.14644660940672627    -0.35355339059327373    -0.8535533905932737    0.3535533905932738
0.2705980500730985    -0.27059805007309845    -0.6532814824381883    0.6532814824381882
0.35355339059327373    -0.14644660940672619    -0.35355339059327384    0.8535533905932737
0.3826834323650897    3.313870358775353e-17    -8.00039076410165e-17    0.9238795325112867
0.35355339059327373    0.14644660940672627    0.35355339059327373    0.8535533905932737
0.27059805007309845    0.2705980500730985    0.6532814824381882    0.6532814824381883
0.1464466094067262    0.35355339059327373    0.8535533905932737    0.35355339059327384
-0.35355339059327373    -0.35355339059327373    -0.8535533905932737    0.1464466094067262
-0.19134171618254486    -0.4619397662556433    -0.7325378163287419    0.46193976625564337
-5.551115123125783e-17    -0.49999999999999994    -0.5    0.7071067811865475
0.19134171618254484    -0.46193976625564337    -0.19134171618254497    0.8446231986207331
0.35355339059327373    -0.35355339059327373    0.14644660940672616    0.8535533905932737
0.4619397662556433    -0.19134171618254486    0.4619397662556433    0.7325378163287419
0.49999999999999994    -5.551115123125783e-17    0.7071067811865475    0.5
0.46193976625564337    0.1913417161825448    0.8446231986207332    0.19134171618254497
-0.6532814824381882    -0.2705980500730985    -0.6532814824381883    0.27059805007309845
-0.49999999999999983    -0.5    -0.5    0.49999999999999994
-0.27059805007309845    -0.6532814824381882    -0.27059805007309856    0.6532814824381883
0.0    -0.7071067811865475    -1.1102230246251565e-16    0.7071067811865475
0.27059805007309845    -0.6532814824381882    0.2705980500730984    0.6532814824381883
0.49999999999999994    -0.4999999999999999    0.4999999999999999    0.5
0.6532814824381882    -0.27059805007309845    0.6532814824381883    0.27059805007309856
0.7071067811865475    -5.551115123125783e-17    0.7071067811865475    1.6653345369377348e-16
-0.8535533905932737    -0.14644660940672627    -0.35355339059327384    0.35355339059327373
-0.7325378163287418    -0.4619397662556434    -0.19134171618254497    0.46193976625564337
-0.49999999999999994    -0.7071067811865475    -1.1102230246251565e-16    0.5
-0.19134171618254492    -0.8446231986207332    0.19134171618254478    0.4619397662556435
0.1464466094067262    -0.8535533905932737    0.35355339059327373    0.35355339059327384
0.46193976625564337    -0.7325378163287418    0.46193976625564337    0.19134171618254497
0.7071067811865475    -0.49999999999999994    0.5    1.1102230246251565e-16
0.8446231986207332    -0.19134171618254492    0.4619397662556435    -0.19134171618254478
0.7071067811865476    0.0    -0.0    -0.7071067811865475
0.6532814824381883    0.2705980500730985    -0.27059805007309845    -0.6532814824381882
0.5000000000000001    0.5    -0.4999999999999999    -0.5
0.27059805007309856    0.6532814824381883    -0.6532814824381882    -0.2705980500730985
4.329780281177467e-17    0.7071067811865476    -0.7071067811865475    -4.329780281177466e-17
-0.2705980500730985    0.6532814824381883    -0.6532814824381882    0.27059805007309845
-0.5    0.5000000000000001    -0.5    0.4999999999999999
-0.6532814824381883    0.2705980500730986    -0.27059805007309856    0.6532814824381882
0.6532814824381883    -0.27059805007309845    -0.2705980500730985    -0.6532814824381882
0.7071067811865475    5.551115123125783e-17    -0.5    -0.49999999999999983
0.6532814824381883    0.2705980500730985    -0.6532814824381882    -0.27059805007309845
0.5    0.5    -0.7071067811865475    0.0
0.2705980500730985    0.6532814824381883    -0.6532814824381882    0.27059805007309845
-2.7755575615628914e-17    0.7071067811865475    -0.4999999999999999    0.49999999999999994
-0.2705980500730985    0.6532814824381883    -0.27059805007309845    0.6532814824381882
-0.49999999999999994    0.5    -5.551115123125783e-17    0.7071067811865475
0.5000000000000001    -0.4999999999999999    -0.5    -0.5
0.6532814824381883    -0.27059805007309834    -0.6532814824381883    -0.27059805007309845
0.7071067811865475    5.551115123125783e-17    -0.7071067811865475    -5.551115123125783e-17
0.6532814824381883    0.2705980500730986    -0.6532814824381883    0.27059805007309845
0.49999999999999994    0.5000000000000001    -0.5    0.49999999999999994
0.27059805007309834    0.6532814824381883    -0.2705980500730985    0.6532814824381883
-5.551115123125783e-17    0.7071067811865475    -5.551115123125783e-17    0.7071067811865475
-0.27059805007309856    0.6532814824381883    0.27059805007309845    0.6532814824381883
0.27059805007309856    -0.6532814824381882    -0.6532814824381883    -0.2705980500730985
0.5    -0.49999999999999983    -0.7071067811865475    0.0
0.6532814824381882    -0.27059805007309845    -0.6532814824381883    0.27059805007309845
0.7071067811865475    5.551115123125783e-17    -0.5    0.49999999999999994
0.6532814824381882    0.2705980500730985    -0.27059805007309856    0.6532814824381883
0.49999999999999983    0.5    -2.7755575615628914e-17    0.7071067811865475
0.27059805007309845    0.6532814824381882    0.27059805007309845    0.6532814824381883
0.0    0.7071067811865475    0.49999999999999994    0.5000000000000001
4.329780281177467e-17    -0.7071067811865475    -0.7071067811865476    -4.329780281177466e-17
0.2705980500730985    -0.6532814824381882    -0.6532814824381883    0.27059805007309845
0.49999999999999994    -0.49999999999999994    -0.5000000000000001    0.49999999999999994
0.6532814824381882    -0.27059805007309845    -0.2705980500730986    0.6532814824381883
0.7071067811865475    1.232595164407831e-32    -8.659560562354933e-17    0.7071067811865476
0.6532814824381882    0.2705980500730985    0.27059805007309845    0.6532814824381883
0.49999999999999994    0.49999999999999994    0.49999999999999994    0.5000000000000001
0.2705980500730985    0.6532814824381882    0.6532814824381883    0.2705980500730987
-0.2705980500730985    -0.6532814824381882    -0.6532814824381883    0.27059805007309845
-2.7755575615628914e-17    -0.7071067811865474    -0.5    0.49999999999999994
0.27059805007309834    -0.6532814824381883    -0.27059805007309856    0.6532814824381883
0.49999999999999983    -0.5    -1.1102230246251565e-16    0.7071067811865475
0.6532814824381882    -0.27059805007309856    0.2705980500730984    0.6532814824381883
0.7071067811865474    -5.551115123125783e-17    0.4999999999999999    0.5
0.6532814824381883    0.27059805007309834    0.6532814824381883    0.27059805007309856
0.5    0.49999999999999983    0.7071067811865475    1.6653345369377348e-16
-0.5    -0.5    -0.5000000000000001    0.4999999999999999
-0.27059805007309845    -0.6532814824381883    -0.2705980500730987    0.6532814824381882
-5.551115123125783e-17    -0.7071067811865475    -1.6653345369377348e-16    0.7071067811865475
0.27059805007309845    -0.6532814824381883    0.2705980500730983    0.6532814824381883
0.49999999999999994    -0.5    0.49999999999999983    0.5000000000000001
0.6532814824381883    -0.2705980500730985    0.6532814824381882    0.2705980500730987
0.7071067811865475    -5.551115123125783e-17    0.7071067811865475    1.6653345369377348e-16
0.6532814824381883    0.27059805007309845    0.6532814824381884    -0.27059805007309823
-0.6532814824381883    -0.27059805007309856    -0.2705980500730986    0.6532814824381882
-0.49999999999999994    -0.5    -1.3877787807814457e-16    0.7071067811865475
-0.2705980500730985    -0.6532814824381883    0.2705980500730983    0.6532814824381883
0.0    -0.7071067811865476    0.4999999999999998    0.5000000000000001
0.2705980500730985    -0.6532814824381883    0.6532814824381882    0.2705980500730987
0.5    -0.49999999999999994    0.7071067811865475    1.6653345369377348e-16
0.6532814824381883    -0.2705980500730985    0.6532814824381883    -0.2705980500730983
0.7071067811865476    -5.551115123125783e-17    0.5000000000000002    -0.4999999999999998
0.3826834323650899    0.0    -0.0    -0.9238795325112867
0.35355339059327384    0.1464466094067263    -0.3535533905932738    -0.8535533905932737
0.2705980500730986    0.27059805007309856    -0.6532814824381882    -0.6532814824381883
0.1464466094067263    0.35355339059327384    -0.8535533905932737    -0.35355339059327384
2.34326020266315e-17    0.3826834323650899    -0.9238795325112867    -5.657130561438501e-17
-0.14644660940672627    0.35355339059327384    -0.8535533905932737    0.35355339059327373
-0.27059805007309856    0.2705980500730986    -0.6532814824381883    0.6532814824381882
-0.35355339059327384    0.14644660940672632    -0.35355339059327384    0.8535533905932737
0.35355339059327384    -0.3535533905932738    -0.1464466094067263    -0.8535533905932737
0.4619397662556435    -0.19134171618254486    -0.4619397662556435    -0.7325378163287418
0.5    0.0    -0.7071067811865476    -0.49999999999999994
0.4619397662556435    0.19134171618254492    -0.8446231986207332    -0.1913417161825449
0.3535533905932738    0.35355339059327384    -0.8535533905932737    0.14644660940672624
0.1913417161825449    0.4619397662556435    -0.7325378163287418    0.46193976625564337
0.0    0.5    -0.49999999999999994    0.7071067811865476
-0.1913417161825449    0.4619397662556435    -0.1913417161825449    0.8446231986207332
0.2705980500730986    -0.6532814824381882    -0.27059805007309856    -0.6532814824381883
0.5000000000000001    -0.4999999999999998    -0.5    -0.49999999999999994
0.6532814824381883    -0.27059805007309845    -0.6532814824381883    -0.2705980500730985
0.7071067811865475    1.1102230246251565e-16    -0.7071067811865476    0.0
0.6532814824381882    0.27059805007309856    -0.6532814824381883    0.2705980500730985
0.49999999999999983    0.5    -0.49999999999999994    0.5
0.27059805007309845    0.6532814824381883    -0.2705980500730985    0.6532814824381883
-5.551115123125783e-17    0.7071067811865475    -5.551115123125783e-17    0.7071067811865476
0.1464466094067263    -0.8535533905932737    -0.35355339059327384    -0.35355339059327384
0.4619397662556435    -0.7325378163287418    -0.4619397662556435    -0.19134171618254492
0.7071067811865476    -0.49999999999999994    -0.5000000000000001    0.0
0.8446231986207332    -0.1913417161825449    -0.4619397662556435    0.1913417161825449
0.8535533905932737    0.14644660940672624    -0.35355339059327384    0.35355339059327384
0.7325378163287418    0.46193976625564337    -0.19134171618254495    0.4619397662556435
0.49999999999999994    0.7071067811865476    0.0    0.5000000000000001
0.1913417161825449    0.8446231986207332    0.1913417161825449    0.4619397662556435
2.34326020266315e-17    -0.9238795325112867    -0.3826834323650899    -5.657130561438501e-17
0.3535533905932738    -0.8535533905932737    -0.35355339059327384    0.14644660940672624
0.6532814824381882    -0.6532814824381883    -0.2705980500730987    0.2705980500730985
0.8535533905932737    -0.35355339059327384    -0.14644660940672635    0.35355339059327384
0.9238795325112867    -3.313870358775352e-17    -8.000390764101651e-17    0.3826834323650899
0.8535533905932737    0.35355339059327373    0.1464466094067262    0.35355339059327384
0.6532814824381883    0.6532814824381882    0.2705980500730985    0.2705980500730987
0.35355339059327384    0.8535533905932737    0.35355339059327384    0.14644660940672638
-0.14644660940672627    -0.8535533905932737    -0.35355339059327384    0.35355339059327373
0.19134171618254486    -0.8446231986207332    -0.19134171618254497    0.46193976625564337
0.49999999999999994    -0.7071067811865475    -1.1102230246251565e-16    0.5
0.7325378163287418    -0.4619397662556435    0.19134171618254478    0.4619397662556435
0.8535533905932737    -0.14644660940672632    0.35355339059327373    0.35355339059327384
0.8446231986207332    0.1913417161825448    0.46193976625564337    0.19134171618254497
0.7071067811865475    0.49999999999999994    0.5    1.1102230246251565e-16
0.4619397662556435    0.7325378163287418    0.4619397662556435    -0.19134171618254478
-0.27059805007309856    -0.6532814824381883    -0.2705980500730986    0.6532814824381882
-5.551115123125783e-17    -0.7071067811865475    -1.3877787807814457e-16    0.7071067811865475
0.27059805007309845    -0.6532814824381883    0.2705980500730983    0.6532814824381883
0.49999999999999994    -0.5000000000000001    0.4999999999999998    0.5000000000000001
0.6532814824381883    -0.2705980500730986    0.6532814824381882    0.2705980500730987
0.7071067811865475    -8.326672684688674e-17    0.7071067811865475    1.6653345369377348e-16
0.6532814824381883    0.27059805007309845    0.6532814824381883    -0.2705980500730983
0.5000000000000002    0.4999999999999999    0.5000000000000002    -0.4999999999999998
-0.35355339059327384    -0.35355339059327384    -0.14644660940672632    0.8535533905932737
-0.19134171618254492    -0.4619397662556435    0.1913417161825448    0.8446231986207332
0.0    -0.5000000000000001    0.4999999999999999    0.7071067811865476
0.1913417161825449    -0.4619397662556435    0.7325378163287418    0.46193976625564354
0.35355339059327384    -0.35355339059327384    0.8535533905932737    0.14644660940672638
0.4619397662556435    -0.19134171618254495    0.8446231986207332    -0.19134171618254475
0.5000000000000001    0.0    0.7071067811865476    -0.4999999999999999
0.4619397662556435    0.1913417161825449    0.46193976625564354    -0.7325378163287418