papras kitchen
arm1
world
0.1,0.3,1.4,0.92388,0,0.382683,0,2.5512,-1.90852,-1.81471,-0.406846,1.46828,-2.65502,0.103532,0.0914802,4
0.3,-0.5,1,0.853553,-0.146447,0.353553,-0.353553,-1.65967,-1.0876,-2.67864,-2.67074,-1.54432,-0.547517,0.0789346,0.0264776,7
0.3,-0.5,1,0.353553,-0.353553,0.146447,-0.853553,0.928842,1.728,-1.7863,-0.785272,-1.42817,1.51042,0.103831,0.142628,7
0.3,-0.5,1.2,0.853553,-0.146447,0.353553,-0.353553,1.04749,1.07167,-0.449403,0.18604,-1.42749,-0.214212,0.0865251,0.143311,7
0.3,-0.5,1.2,0.653282,-0.270598,0.270598,-0.653282,0.761499,1.29983,-0.920148,-0.548219,-1.37841,0.75421,0.0993149,0.192384,7
0.3,-0.3,1.4,0.92388,0,0.382683,0,0.736369,1.30436,-0.9295,0.509584,-1.34013,-0.697062,0.0987426,0.230663,7
0.3,-0.3,1.4,0.853553,-0.146447,0.353553,-0.353553,0.448365,1.12136,-0.552675,-0.240078,-1.38831,0.287384,0.0882402,0.182484,7
0.3,-0.1,1.4,0.853553,0.146447,0.353553,0.353553,0.570237,1.66028,-1.65043,-2.3691,1.42627,1.73113,0.10573,0.144524,7
0.3,0.1,1.4,0.853553,0.146447,0.353553,0.353553,-2.96039,-1.18716,-2.46671,0.621089,1.56726,2.34162,0.0826545,0.00353383,7
0.3,0.1,1.4,0.92388,0,0.382683,0,2.99799,-1.01451,-2.8367,-0.101619,1.50055,-3.03254,0.076986,0.0702445,7
0.3,0.1,1.4,0.853553,-0.146447,0.353553,-0.353553,-0.410614,1.94085,-2.20983,-0.820956,-1.11792,1.50223,0.104163,0.0591478,4
0.3,0.3,0.2,0,0.382683,0,0.92388,-2.61391,1.24735,-0.812643,0.377239,-1.31159,-0.492106,0.0939607,0.259207,7
0.3,0.3,0.2,0.353553,0.353553,0.146447,0.853553,-2.90298,1.25747,-0.833424,-0.39051,-1.30819,0.512856,0.0945537,0.238609,3
0.3,0.3,1.4,0.853553,0.146447,0.353553,0.353553,-0.268352,0.991936,-0.282513,0.357084,-1.56506,-0.384561,0.0856934,0.00573654,7
0.3,0.3,1.4,0.92388,0,0.382683,0,-0.590393,1.01169,-0.324033,-0.404591,-1.56571,0.444687,0.0867154,0.00508638,7
0.3,0.5,0.4,0,0.382683,0,0.92388,-2.052,1.71504,-1.76036,0.736326,-1.20362,-1.24932,0.110326,0.284962,4
0.3,0.5,0.4,0.353553,0.353553,0.146447,0.853553,-2.31299,0.929538,-0.150846,0.0305601,-1.5645,-0.0307893,0.0824732,0.00629686,7
0.3,0.5,0.4,0.653282,0.270598,0.270598,0.653282,-2.58925,1.2262,-0.769179,-0.646136,-1.54993,0.869684,0.0966711,0.0208674,7
0.3,0.5,1.2,0.853553,0.146447,0.353553,0.353553,2.20727,-1.04972,-2.76022,-0.105661,1.45994,-3.02405,0.0785817,0.110856,7
0.3,0.5,1.2,0.92388,0,0.382683,0,1.94857,-1.37321,-2.07816,-0.717632,1.53794,-2.05354,0.090696,0.0328565,7
0.3,0.7,0.6,0.653282,0.270598,0.270598,0.653282,1.11349,-1.56699,-1.68013,-0.384719,0.980603,-2.58527,0.0946262,0.433013,4
0.3,0.7,0.8,0.653282,0.270598,0.270598,0.653282,1.50944,-1.26417,-2.3049,-0.0462856,1.21412,-3.08193,0.0843518,0.0596586,8
0.3,0.7,1,0.653282,0.270598,0.270598,0.653282,-1.21689,1.17464,-0.662943,0.254609,-1.33655,-0.315795,0.0896473,0.23425,7
0.3,0.7,1,0.853553,0.146447,0.353553,0.353553,-1.50068,1.39333,-1.111,-0.510489,-1.24959,0.725776,0.101602,0.32121,7
0.5,-0.5,0.8,0.353553,-0.353553,0.146447,-0.853553,1.31665,0.561621,-0.316752,-0.667909,-1.3937,1.01546,0.0743093,0.177093,7
0.5,-0.5,1,0.853553,-0.146447,0.353553,-0.353553,1.48191,0.510683,-0.233842,0.500773,-1.23609,-0.711993,0.0716781,0.334704,7
0.5,-0.5,1,0.653282,-0.270598,0.270598,-0.653282,1.11974,0.4374,-0.118435,-0.340128,-1.17824,0.464556,0.0701855,0.392556,7
0.5,-0.5,1.2,0.853553,-0.146447,0.353553,-0.353553,1.04756,0.8238,-0.772216,0.2423,-0.869031,-0.345865,0.057554,0.701765,7
0.5,-0.3,0.8,0,0,0,1,1.65325,1.99668,-2.9796,2.67301e-10,-0.587875,1.48834,0.0616981,0.00332167,4
0.5,-0.3,0.8,0.382683,0,0,0.92388,1.65325,1.99668,-2.9796,-5.03202e-10,-0.587875,2.27374,0.0616981,0.00332167,4
0.5,-0.3,0.8,0.92388,0,0,0.382683,1.65325,1.99668,-2.9796,6.77056e-09,-0.587875,-2.43865,0.0616981,0.00332144,4
0.5,-0.3,0.8,1,0,0,0,1.65325,1.99668,-2.9796,-6.24273e-09,-0.587875,-1.65325,0.0616981,0.00332167,4
0.5,-0.3,0.8,0.92388,0,0,-0.382683,1.65325,1.99668,-2.9796,-1.71087e-09,-0.587875,-0.867856,0.0616981,0.00332167,4
0.5,-0.3,0.8,0.382683,0,0,-0.92388,1.65325,1.99668,-2.9796,1.59716e-07,-0.587875,0.702941,0.0616981,0.00332153,4
0.5,-0.3,0.8,0,0.382683,0,0.92388,1.13079,1.66833,-2.63675,-0.778355,-1.14616,2.54406,0.0639806,0.331668,4
0.5,-0.3,1,0.853553,0.146447,0.353553,0.353553,-1.64681,-1.5622,-0.886447,-2.57254,-1.47337,-2.51487,0.076578,0.097425,7
0.5,-0.3,1,0.92388,0,0.382683,0,-1.51454,-1.95026,0.144731,-1.85096,-0.825122,-2.81998,0.062258,0.0497386,4
0.5,-0.3,1,0.853553,-0.146447,0.353553,-0.353553,1.39866,-0.228497,0.697719,0.42791,-1.37345,-0.550961,0.057952,0.197344,7
0.5,-0.3,1,0.653282,-0.270598,0.270598,-0.653282,0.732069,-0.160537,0.635969,-0.556526,-1.47419,0.726879,0.0550241,0.0966029,7
0.5,-0.3,1,0.353553,-0.353553,0.146447,-0.853553,0.600628,1.68547,-2.69178,-0.958654,-1.01464,2.47392,0.0667653,0.314532,4
0.5,-0.3,1.2,0,0,0,1,0.7484,1.46241,-1.72609,-2.77417e-09,-1.30712,2.39319,0.102777,0.263677,7
0.5,-0.3,1.2,0.382683,0,0,0.92388,-2.39319,-1.68871,-0.957694,-2.37977e-07,1.07561,0.0369983,0.10094,0.311292,4
0.5,-0.3,1.2,0.707107,0,0,0.707107,-2.39319,-1.68871,-0.957695,-2.25831e-08,1.07561,0.822396,0.10094,0.311292,4
0.5,-0.3,1.2,0.92388,0,0,0.382683,-2.39319,-1.68871,-0.957695,3.49951e-08,1.07561,1.60779,0.10094,0.311292,4
0.5,-0.3,1.2,1,0,0,0,-2.39319,-1.68871,-0.957694,7.17886e-09,1.07561,2.39319,0.10094,0.311292,4
0.5,-0.3,1.2,0.707107,0,0,-0.707107,-2.39313,-1.68882,-0.957465,0.000142091,1.07547,-2.31953,0.10094,0.31118,4
0.5,-0.3,1.2,0.382683,0,0,-0.92388,-2.39319,-1.68871,-0.957694,3.57259e-10,1.07561,-1.5338,0.10094,0.311292,4
0.5,-0.3,1.2,0.92388,0,0.382683,0,-2.05302,-0.648004,-2.58951,-2.43592,-1.30913,-1.15051,0.0693475,0.261668,7
0.5,-0.3,1.2,0.853553,-0.146447,0.353553,-0.353553,0.725914,0.1532,0.285111,-0.0448885,-1.22505,0.057218,0.0707949,0.345742,7
0.5,-0.3,1.2,0.653282,-0.270598,0.270598,-0.653282,0.393089,0.472193,-0.172757,-0.712886,-1.52055,1.08379,0.070794,0.0502457,7
0.5,-0.3,1.4,0.853553,-0.146447,0.353553,-0.353553,0.448431,0.912273,-0.936298,-0.326144,-0.817348,0.470159,0.0578477,0.753449,7
0.5,-0.1,0.8,0.353553,-0.353553,0.146447,-0.853553,-3.04828,-1.80902,1.00147,1.28031,-0.604351,-1.92861,0.0233221,0.0933106,3
0.5,-0.1,1,0,0.382683,0,0.92388,0.380522,1.6511,-2.5838,-0.270103,-1.39297,2.91488,0.0562765,0.17783,7
0.5,-0.1,1,0.353553,0.353553,0.146447,0.853553,0.740211,1.59596,-2.42609,0.0319835,-1.52557,-3.11112,0.0590371,0.0304734,8
0.5,-0.1,1,0.653282,0.270598,0.270598,0.653282,1.09871,1.67579,-2.66037,0.337625,-1.32776,-2.87943,0.0544591,0.24304,7
0.5,-0.1,1,0.853553,0.146447,0.353553,0.353553,1.44121,1.77914,-3.11746,0.766116,-0.941269,-2.91376,0.0393567,0.0241296,5
0.5,-0.1,1,0.92388,0,0.382683,0,-1.43757,-1.91197,0.905133,-1.16804,-0.866081,2.37254,0.0285777,0.0880254,4
0.5,-0.1,1,0.853553,-0.146447,0.353553,-0.353553,0.266063,-1.09283,1.10845,-0.455525,-0.92383,0.67127,0.0355153,0.462345,5
0.5,-0.1,1,0.653282,-0.270598,0.270598,-0.653282,2.87984,-1.96553,0.814273,-1.74604,0.766502,0.60317,0.0305798,0.0344721,4
0.5,-0.1,1,0.353553,-0.353553,0.146447,-0.853553,0.032485,1.76422,-3.01248,2.49433,1.02696,-0.273632,0.0430654,0.129108,5
0.5,-0.1,1.2,0,0,0,1,0.372063,1.89076,-2.69377,-2.12674e-07,-0.767788,2.76953,0.0775303,0.109236,4
0.5,-0.1,1.2,0.382683,0,0,0.92388,0.372064,1.89076,-2.69377,2.67082e-07,-0.767789,-2.72826,0.0775304,0.109239,4
0.5,-0.1,1.2,0.707107,0,0,0.707107,0.372064,1.89076,-2.69377,9.90886e-08,-0.767788,-1.94286,0.0775304,0.109239,4
0.5,-0.1,1.2,0.92388,0,0,0.382683,0.372064,1.89076,-2.69377,-3.16146e-08,-0.767789,-1.15746,0.0775304,0.109239,4
0.5,-0.1,1.2,1,0,0,0,0.372064,1.89076,-2.69377,-1.88322e-08,-0.767789,-0.372064,0.0775304,0.109239,4
0.5,-0.1,1.2,0.92388,0,0,-0.382683,0.372064,1.89076,-2.69377,3.00436e-09,-0.767789,0.413334,0.0775304,0.109239,4
0.5,-0.1,1.2,0.707107,0,0,-0.707107,0.372064,1.89076,-2.69377,3.26706e-09,-0.767789,1.19873,0.0775304,0.109239,4
0.5,-0.1,1.2,0.382683,0,0,-0.92388,0.372064,1.89076,-2.69377,-1.32028e-10,-0.767789,1.98413,0.0775304,0.109239,4
0.5,-0.1,1.2,0.853553,0.146447,0.353553,0.353553,-2.27221,-1.91996,0.0354327,1.1991,0.85756,0.418796,0.0661663,0.0800367,4
0.5,-0.1,1.2,0.92388,0,0.382683,0,0.676471,-0.156638,0.632099,0.465592,-1.40346,-0.599815,0.0586756,0.167335,7
0.5,-0.1,1.2,0.853553,-0.146447,0.353553,-0.353553,0.0422715,-0.137027,0.613297,-0.504028,-1.43183,0.652476,0.0578535,0.138965,7
0.5,-0.1,1.2,0.653282,-0.270598,0.270598,-0.653282,-0.122989,1.68092,-2.6766,2.14843,0.992734,-0.700247,0.068673,0.319082,4
0.5,-0.1,1.4,0.92388,0,0.382683,0,0.363961,1.61484,-2.47842,-1.40202,0.258202,1.13323,0.079709,0.385164,4
0.5,-0.1,1.4,0.853553,-0.146447,0.353553,-0.353553,0.0229181,1.53629,-2.26901,-1.21105,-0.548812,1.74961,0.0859268,0.463711,4
0.5,0.1,0.2,0,0.382683,0,0.92388,-3.01649,1.52204,-2.23316,0.848011,-0.117919,-0.933244,0.076063,0.125102,3
0.5,0.1,0.4,0,0.382683,0,0.92388,-2.91399,-0.109921,0.586409,0.167384,-1.27885,-0.210929,0.0660754,0.227603,3
0.5,0.1,0.4,0.653282,-0.270598,0.270598,-0.653282,0.520918,-1.42258,-1.18575,0.661175,1.51436,0.845254,0.080665,0.0564338,7
0.5,0.1,0.4,0.353553,-0.353553,0.146447,-0.853553,0.574531,-1.94483,0.123895,1.52513,0.76441,0.357209,0.0683543,0.0551652,4
0.5,0.1,0.6,0,0.382683,0,0.92388,0.971507,-1.65739,1.07501,2.51696,1.51494,-0.762446,0.0351655,0.055853,7
0.5,0.1,0.6,0.92388,0,0.382683,0,-3.01114,1.57547,-2.37092,-0.0921251,-1.55655,3.0504,0.0603563,0.0142513,7
0.5,0.1,0.6,0.853553,-0.146447,0.353553,-0.353553,0.481578,-1.83427,-0.224629,0.22405,1.25756,0.148088,0.0576708,0.165728,4
0.5,0.1,0.6,0.653282,-0.270598,0.270598,-0.653282,0.822134,-1.96235,0.193217,0.639448,0.938249,0.167046,0.0457259,0.0376518,4
0.5,0.1,0.8,0,0.382683,0,0.92388,2.8149,-1.95691,0.832754,0.649868,0.384424,-0.378598,0.017651,0.0430931,4
0.5,0.1,0.8,0.353553,0.353553,0.146447,0.853553,-2.49759,-1.88242,0.939719,0.583555,0.181751,-0.475611,0.0154631,0.117582,4
0.5,0.1,0.8,0.653282,0.270598,0.270598,0.653282,-1.36392,-1.89575,0.924917,-0.701265,0.227005,0.541164,0.0173975,0.104249,4
0.5,0.1,1,0,0.382683,0,0.92388,2.9909,-1.91984,0.0350378,0.119603,1.09663,0.0521433,0.048223,0.0801581,4
0.5,0.1,1,0.353553,0.353553,0.146447,0.853553,0.255131,1.75574,-2.9667,0.41117,-1.10729,-2.94107,0.0429555,0.174889,5
0.5,0.1,1,0.853553,0.146447,0.353553,0.353553,-1.99891,-1.74335,1.03973,-1.05095,-0.868362,1.93088,0.0218272,0.256651,4
0.5,0.1,1,0.92388,0,0.382683,0,1.2314,-1.62041,1.08636,0.938192,-0.973315,-1.76223,0.0211697,0.379592,4
0.5,0.1,1,0.853553,-0.146447,0.353553,-0.353553,1.76055,-1.98437,0.763596,1.78967,-0.643015,-2.64848,0.0283443,0.0156338,4
0.5,0.1,1,0.353553,-0.353553,0.146447,-0.853553,2.58656,-1.92908,0.0668604,-0.185078,1.07071,-0.074808,0.047186,0.0709199,4
0.5,0.1,1.2,0,0,0,1,-0.147064,1.94155,-2.82573,-2.33312e-08,-0.686618,-2.99453,0.0705338,0.0584503,4
0.5,0.1,1.2,0.382683,0,0,0.92388,-0.147064,1.94155,-2.82573,3.4203e-10,-0.686618,-2.20913,0.0705338,0.0584504,4
0.5,0.1,1.2,0.707107,0,0,0.707107,-0.147064,1.94155,-2.82573,3.69643e-09,-0.686618,-1.42373,0.0705338,0.0584504,4
0.5,0.1,1.2,0.92388,0,0,0.382683,-0.147064,1.94155,-2.82573,3.30322e-10,-0.686618,-0.638334,0.0705338,0.0584504,4
0.5,0.1,1.2,1,0,0,0,-0.147064,1.94155,-2.82573,-5.45694e-10,-0.686618,0.147064,0.0705338,0.0584504,4
0.5,0.1,1.2,0.92388,0,0,-0.382683,-0.147064,1.94155,-2.82573,-1.08518e-10,-0.686618,0.932462,0.0705338,0.0584504,4
0.5,0.1,1.2,0.707107,0,0,-0.707107,-0.147064,1.94155,-2.82573,7.43523e-11,-0.686618,1.71786,0.0705338,0.0584504,4
0.5,0.1,1.2,0.382683,0,0,-0.92388,-0.147064,1.94155,-2.82573,2.47512e-11,-0.686618,2.50326,0.0705338,0.0584504,4
0.5,0.1,1.2,0.653282,0.270598,0.270598,0.653282,0.350629,1.64053,-2.55217,-2.32603,1.14807,0.682522,0.0689859,0.359469,4
0.5,0.1,1.2,0.92388,0,0.382683,0,-0.295814,-0.327254,0.7789,-0.217803,-1.26615,0.278536,0.0601567,0.304647,7
0.5,0.1,1.2,0.853553,-0.146447,0.353553,-0.353553,-0.676898,1.76669,-3.02699,-1.36993,-0.799991,2.70441,0.0583748,0.114602,5
0.5,0.1,1.2,0.653282,-0.270598,0.270598,-0.653282,-0.58475,1.50687,-2.19533,-0.638602,-1.42245,2.43269,0.0748102,0.148342,7
0.5,0.1,1.4,0.853553,0.146447,0.353553,0.353553,0.181247,1.51294,-2.21049,-2.02466,0.70438,1.34273,0.0887717,0.487057,4
0.5,0.1,1.4,0.92388,0,0.382683,0,-0.143603,0.403018,-0.0657629,-0.112111,-1.13026,0.149864,0.0696123,0.440537,7
0.5,0.1,1.4,0.853553,-0.146447,0.353553,-0.353553,-0.410532,0.843209,-0.807737,-0.74317,-1.33473,1.27436,0.0828748,0.236062,7
0.5,0.3,0.4,0,0,0,1,-2.60474,1.52771,-1.86436,1.92853e-07,-1.23415,-0.53685,0.102255,0.336648,7
0.5,0.3,0.4,0.382683,0,0,0.92388,-2.60474,1.52768,-1.8643,1.25239e-09,-1.23418,0.248548,0.102255,0.336617,7
0.5,0.3,0.4,0.707107,0,0,0.707107,-2.60474,1.52768,-1.8643,-3.01302e-08,-1.23418,1.03395,0.102255,0.336617,7
0.5,0.3,0.4,0.92388,0,0,0.382683,-2.60474,1.52768,-1.8643,-3.32647e-09,-1.23418,1.81935,0.102255,0.336617,7
0.5,0.3,0.4,1,0,0,0,-2.60474,1.52768,-1.8643,4.38218e-09,-1.23418,2.60474,0.102255,0.336617,7
0.5,0.3,0.4,0.92388,0,0,-0.382683,-2.60474,1.52768,-1.8643,-3.20874e-08,-1.23418,-2.89304,0.102255,0.248548,8
0.5,0.3,0.4,0.707107,0,0,-0.707107,-2.60474,1.52768,-1.8643,-2.3597e-08,-1.23418,-2.10765,0.102255,0.336617,7
0.5,0.3,0.4,0.382683,0,0,-0.92388,-2.60474,1.52768,-1.8643,2.58356e-09,-1.23418,-1.32225,0.102255,0.336617,7
0.5,0.3,0.4,0,0.382683,0,0.92388,-2.32081,1.71996,-2.81316,-1.37419,0.555701,0.691256,0.0760998,0.280043,4
0.5,0.3,0.4,0.353553,0.353553,0.146447,0.853553,-2.7534,1.75536,-2.96502,0.649585,0.469279,-0.307063,0.0727909,0.176568,5
0.5,0.3,0.4,0.653282,0.270598,0.270598,0.653282,-2.99303,1.54637,-2.29475,2.13967,0.979009,-1.06187,0.0862037,0.148563,3
0.5,0.3,0.4,0.353553,-0.353553,0.146447,-0.853553,-2.21594,1.27921,-1.67368,0.792069,-1.38931,-1.9488,0.0898959,0.181487,7
0.5,0.3,0.6,0.353553,0.353553,0.146447,0.853553,-2.23262,-0.486964,0.888909,0.0939308,-1.19266,-0.122336,0.0571426,0.378141,7
0.5,0.3,0.6,0.853553,0.146447,0.353553,0.353553,-2.82266,1.66552,-2.62794,2.38206,1.16094,-0.590263,0.06384,0.318929,3
0.5,0.3,0.6,0.353553,-0.353553,0.146447,-0.853553,-1.80611,1.62872,-2.5179,-2.45307,1.24907,0.601832,0.0664175,0.29582,6
0.5,0.3,0.8,0.353553,0.353553,0.146447,0.853553,2.29643,-1.93917,0.86536,-1.08321,-0.92548,2.5034,0.0335225,0.0608251,4
0.5,0.3,0.8,0.653282,0.270598,0.270598,0.653282,-1.98884,-0.906152,1.06972,-0.34328,-1.02097,0.488933,0.0423221,0.501078,5
0.5,0.3,0.8,0.92388,0,0.382683,0,-2.2813,1.73517,-2.87346,-0.643218,-1.1055,2.77811,0.0497634,0.264828,4
0.5,0.3,0.8,0.853553,-0.146447,0.353553,-0.353553,-1.96777,1.57576,-2.37168,-0.271429,-1.52341,2.87309,0.0618376,0.0473887,7
0.5,0.3,0.8,0.653282,-0.270598,0.270598,-0.653282,1.50695,-1.72868,-0.499565,0.0455062,1.44188,0.0391365,0.0630757,0.128914,7
0.5,0.3,0.8,0.353553,-0.353553,0.146447,-0.853553,1.83733,-1.84783,-0.186413,0.384981,1.20467,0.239641,0.0581261,0.152167,4
0.5,0.3,1,0,0.382683,0,0.92388,2.52838,-1.74135,-0.468112,0.430637,1.3459,0.35963,0.0667859,0.224901,7
0.5,0.3,1,0.353553,0.353553,0.146447,0.853553,2.76825,-1.96968,0.224712,1.01592,0.866676,0.210034,0.0511752,0.0303227,4
0.5,0.3,1,0.653282,0.270598,0.270598,0.653282,2.78388,-1.97267,0.796965,2.21803,0.979594,-0.449152,0.0430795,0.0273332,4
0.5,0.3,1,0.853553,0.146447,0.353553,0.353553,1.86595,-1.86275,0.958851,0.344601,-1.40025,-2.8416,0.0506263,0.137252,4
0.5,0.3,1,0.853553,-0.146447,0.353553,-0.353553,1.66397,-1.87462,-0.108233,-0.663452,1.08471,-0.355974,0.0599856,0.125377,4
0.5,0.3,1.2,0,0,0,1,2.53998,-1.97253,-0.336933,-2.88069e-10,0.738669,0.601612,0.0892455,0.0274671,4
0.5,0.3,1.2,0.382683,0,0,0.92388,2.53998,-1.97253,-0.336933,-2.20219e-11,0.738669,1.38701,0.0892455,0.0274671,4
0.5,0.3,1.2,0.707107,0,0,0.707107,2.53998,-1.97253,-0.336933,4.29135e-11,0.738669,2.17241,0.0892455,0.0274671,4
0.5,0.3,1.2,0.92388,0,0,0.382683,2.53998,-1.97253,-0.336933,7.91337e-12,0.738669,2.95781,0.0892455,0.0274671,4
0.5,0.3,1.2,1,0,0,0,-0.601612,1.74623,-2.34684,1.9485e-08,-0.970188,0.601612,0.0923238,0.253769,4
0.5,0.3,1.2,0.92388,0,0,-0.382683,-0.601612,1.74623,-2.34684,-4.38182e-10,-0.970188,1.38701,0.0923238,0.253769,4
0.5,0.3,1.2,0.707107,0,0,-0.707107,-0.601612,1.74623,-2.34684,-3.10292e-09,-0.970188,2.17241,0.0923238,0.253769,4
0.5,0.3,1.2,0.382683,0,0,-0.92388,-0.601612,1.74623,-2.34684,-2.53581e-10,-0.970188,2.95781,0.0923238,0.183786,8
0.5,0.3,1.2,0.653282,0.270598,0.270598,0.653282,-0.170934,1.67612,-2.66132,1.17566,-0.855531,-2.33568,0.0749099,0.323882,4
0.5,0.3,1.2,0.853553,0.146447,0.353553,0.353553,-0.469769,-0.0308515,0.503655,0.230325,-1.2907,-0.291572,0.0670374,0.280099,7
0.5,0.3,1.2,0.92388,0,0.382683,0,-0.954695,0.139603,0.302372,-0.616756,-1.50385,0.832134,0.0621765,0.0669455,7
0.5,0.3,1.2,0.853553,-0.146447,0.353553,-0.353553,-1.02562,1.46764,-2.09967,2.34398,1.28479,-0.955995,0.0840976,0.286009,7
0.5,0.3,1.4,0.853553,0.146447,0.353553,0.353553,-0.268425,1.48093,-2.13173,1.07195,-0.40918,-1.41725,0.0813275,0.519072,4
0.5,0.3,1.4,0.92388,0,0.382683,0,-0.590392,1.45931,-2.08004,2.10627,0.475411,-1.71673,0.0826104,0.540688,4
0.5,0.5,0.4,0.353553,0.353553,0.146447,0.853553,-2.31299,1.54344,-2.28743,-2.51031,0.0517937,2.48039,0.0762364,0.23858,6
0.5,0.5,0.6,0,0,0,1,-2.03619,1.44029,-1.67972,-1.08231e-10,-1.33137,-1.1054,0.102738,0.23943,7
0.5,0.5,0.6,0.382683,0,0,0.92388,-2.03619,1.44029,-1.67972,-5.32946e-12,-1.33137,-0.320003,0.102738,0.239429,7
0.5,0.5,0.6,0.707107,0,0,0.707107,-2.03619,1.44029,-1.67972,1.64286e-11,-1.33137,0.465395,0.102738,0.239429,7
0.5,0.5,0.6,0.92388,0,0,0.382683,-2.03619,1.44029,-1.67972,2.54231e-12,-1.33137,1.25079,0.102738,0.239429,7
0.5,0.5,0.6,1,0,0,0,-2.03619,1.44029,-1.67972,-2.31405e-12,-1.33137,2.03619,0.102738,0.239429,7
0.5,0.5,0.6,0.92388,0,0,-0.382683,-2.03619,1.44029,-1.67972,-6.39587e-13,-1.33137,2.82159,0.102738,0.239429,7
0.5,0.5,0.6,0.707107,0,0,-0.707107,-2.03624,1.44037,-1.67989,-0.000102626,-1.33125,-2.67589,0.102739,0.239551,7
0.5,0.5,0.6,0.382683,0,0,-0.92388,-2.03619,1.44029,-1.67972,9.59802e-08,-1.33137,-1.8908,0.102738,0.23943,7
0.5,0.5,0.6,0,0.382683,0,0.92388,-1.65322,1.46562,-2.09509,0.919371,-1.08903,-2.00056,0.0895638,0.481768,7
0.5,0.5,0.6,0.353553,0.353553,0.146447,0.853553,-1.85507,1.73867,-2.88814,2.25442,-0.453544,-2.67661,0.0746708,0.25345,5
0.5,0.5,0.6,0.653282,0.270598,0.270598,0.653282,-2.28401,1.71907,-2.80968,1.26191,0.507001,-0.671793,0.0765292,0.280932,4
0.5,0.5,0.6,0.853553,0.146447,0.353553,0.353553,-2.41966,1.31352,-1.74808,2.32313,1.31091,-1.21305,0.0910406,0.259882,7
0.5,0.5,0.8,0,0,0,1,-1.63337,1.72792,-2.3049,-5.45757e-07,-0.993816,-1.50822,0.0936988,0.272078,4
0.5,0.5,0.8,0.382683,0,0,0.92388,-1.63337,1.72792,-2.3049,-2.08317e-07,-0.993818,-0.722825,0.0936989,0.272079,4
0.5,0.5,0.8,0.707107,0,0,0.707107,-1.63337,1.72792,-2.3049,6.39944e-08,-0.993818,0.0625731,0.0936989,0.272079,4
0.5,0.5,0.8,0.92388,0,0,0.382683,-1.63337,1.72792,-2.3049,3.93349e-08,-0.993818,0.847972,0.0936989,0.272079,4
0.5,0.5,0.8,1,0,0,0,-1.63337,1.72792,-2.3049,-5.95525e-09,-0.993818,1.63337,0.0936989,0.272079,4
0.5,0.5,0.8,0.92388,0,0,-0.382683,-1.63337,1.72792,-2.3049,-6.79069e-09,-0.993818,2.41877,0.0936989,0.272079,4
0.5,0.5,0.8,0.707107,0,0,-0.707107,-1.63344,1.72791,-2.30487,-0.000130488,-0.993859,-3.07875,0.0936992,0.0628416,8
0.5,0.5,0.8,0.382683,0,0,-0.92388,-1.63337,1.72792,-2.3049,7.77606e-08,-0.993819,-2.29362,0.0936989,0.272079,4
0.5,0.5,0.8,0,0.382683,0,0.92388,-1.22797,1.32279,-1.76852,0.732454,-1.48029,-2.11935,0.0855188,0.0905032,7
0.5,0.5,0.8,0.353553,0.353553,0.146447,0.853553,-1.24955,1.73417,-2.86922,1.55249,-0.684674,-2.50198,0.071598,0.265832,4
0.5,0.5,0.8,0.653282,0.270598,0.270598,0.653282,-1.67855,-0.0292821,0.501869,-0.0801458,-1.26176,0.100582,0.0683172,0.309041,7
0.5,0.5,0.8,0.853553,0.146447,0.353553,0.353553,-2.04302,1.70476,-2.75707,-1.3352,-0.763787,2.39123,0.0735992,0.295239,4
0.5,0.5,1,0,0,0,1,-1.21038,1.6003,-2.02084,-5.34771e-09,-1.15026,-1.93121,0.100447,0.399698,4
0.5,0.5,1,0.382683,0,0,0.92388,-1.21038,1.6003,-2.02084,-5.39817e-10,-1.15026,-1.14581,0.100447,0.399698,4
0.5,0.5,1,0.707107,0,0,0.707107,-1.21038,1.6003,-2.02084,7.83034e-10,-1.15026,-0.360415,0.100447,0.399698,4
0.5,0.5,1,0.92388,0,0,0.382683,-1.21038,1.6003,-2.02084,1.66045e-10,-1.15026,0.424984,0.100447,0.399698,4
0.5,0.5,1,1,0,0,0,-1.21038,1.6003,-2.02084,-1.05618e-10,-1.15026,1.21038,0.100447,0.399698,4
0.5,0.5,1,0.92388,0,0,-0.382683,-1.21038,1.6003,-2.02084,-3.70264e-11,-1.15026,1.99578,0.100447,0.399698,4
0.5,0.5,1,0.707107,0,0,-0.707107,-1.21038,1.6003,-2.02084,1.27261e-11,-1.15026,2.78118,0.100447,0.360415,8
0.5,0.5,1,0.382683,0,0,-0.92388,-1.21038,1.6003,-2.02084,-1.65683e-07,-1.15026,-2.71661,0.100447,0.399699,4
0.5,0.5,1,0.353553,0.353553,0.146447,0.853553,-0.807103,1.51526,-2.21597,-2.21489,1.08408,1.04445,0.0863629,0.484735,4
0.5,0.5,1,0.653282,0.270598,0.270598,0.653282,-0.994908,0.148251,0.291364,0.407415,-1.33283,-0.531853,0.0678559,0.237967,7
0.5,0.5,1,0.853553,0.146447,0.353553,0.353553,-1.45727,0.174001,0.258083,-0.466574,-1.36285,0.6159,0.0673381,0.207948,7
0.5,0.5,1,0.92388,0,0.382683,0,1.52812,-0.941476,-2.106,-0.785151,1.53437,-1.4741,0.0749712,0.0364296,7
0.5,0.5,1.2,0.653282,0.270598,0.270598,0.653282,-0.618112,0.717032,-0.580974,0.651062,-1.25546,-1.01452,0.0769522,0.315339,7
0.5,0.5,1.2,0.853553,0.146447,0.353553,0.353553,-0.934396,0.455274,-0.14621,-0.117884,-1.10284,0.159138,0.0685738,0.467955,7
0.5,0.5,1.2,0.92388,0,0.382683,0,-1.19302,0.968082,-1.04242,-0.764154,-1.25285,1.35048,0.0863543,0.317943,7
0.5,0.7,0.8,0.653282,0.270598,0.270598,0.653282,-1.63216,0.769881,-0.674754,-0.0562204,-0.88221,0.079323,0.0565685,0.688586,7
0.5,0.7,1,0.653282,0.270598,0.270598,0.653282,-1.21702,1.0596,-1.22078,0.392166,-0.694697,-0.562968,0.0590938,0.876099,7
0.7,-0.5,0.8,0.653282,-0.270598,0.270598,-0.653282,-1.49082,-1.0624,-0.958195,-0.169478,-0.338461,-3.03832,0.0228094,0.10327,8
0.7,-0.3,0.6,0,0.382683,0,0.92388,1.67934,0.396208,-0.859105,-0.86549,-1.17636,1.84188,0.0543775,0.39444,7
0.7,-0.3,0.6,0.353553,-0.353553,0.146447,-0.853553,1.98978,-0.136457,-0.178276,2.64546,0.561163,-2.44691,0.0519611,0.103437,6
0.7,-0.3,0.8,0,0,0,1,1.65325,0.23381,-0.292469,-1.68434e-10,-1.51214,1.48834,0.0533016,0.0586591,7
0.7,-0.3,0.8,0.382683,0,0,0.92388,1.65325,0.23381,-0.292469,-9.6813e-11,-1.51214,2.27374,0.0533016,0.0586591,7
0.7,-0.3,0.8,0.707107,0,0,0.707107,1.65325,0.23381,-0.292469,1.63721e-11,-1.51214,3.05913,0.0533016,0.0586591,7
0.7,-0.3,0.8,0.92388,0,0,0.382683,-1.48834,-1.4964,-0.292469,-1.1204e-07,0.218069,0.702941,0.0568717,0.503604,4
0.7,-0.3,0.8,1,0,0,0,-1.48834,-1.4964,-0.292469,6.60429e-08,0.218069,1.48834,0.0568717,0.503604,4
0.7,-0.3,0.8,0.92388,0,0,-0.382683,-1.48834,-1.4964,-0.292469,2.44408e-08,0.218069,2.27374,0.0568717,0.503604,4
0.7,-0.3,0.8,0.707107,0,0,-0.707107,-1.48834,-1.4964,-0.292469,-7.82388e-09,0.218069,3.05913,0.0568717,0.0824577,8
0.7,-0.3,0.8,0.382683,0,0,-0.92388,1.65325,0.23381,-0.292469,-3.20511e-09,-1.51214,0.702941,0.0533016,0.0586591,7
0.7,-0.3,0.8,0.653282,-0.270598,0.270598,-0.653282,-1.38779,0.170094,-2.72039,0.573,0.239648,2.4516,0.0505158,0.421204,5
0.7,-0.3,0.8,0.353553,-0.353553,0.146447,-0.853553,1.10145,1.01287,-2.48495,1.35257,0.759267,-0.136483,0.048862,0.656645,5
0.7,-0.3,1,0,0,0,1,1.10946,0.41495,-0.553874,9.77289e-11,-1.43187,2.03213,0.0585504,0.138924,7
0.7,-0.3,1,0.382683,0,0,0.92388,1.10946,0.414951,-0.553875,7.08922e-12,-1.43187,2.81753,0.0585505,0.138925,7
0.7,-0.3,1,0.707107,0,0,0.707107,-2.03239,-1.41986,-0.553784,-0.000915803,0.402806,0.462517,0.0644118,0.580139,4
0.7,-0.3,1,0.92388,0,0,0.382683,-2.03213,-1.41983,-0.553874,2.71774e-08,0.402909,1.24674,0.0644139,0.580169,4
0.7,-0.3,1,1,0,0,0,-2.03213,-1.41983,-0.553875,3.213e-08,0.40291,2.03213,0.0644139,0.580169,4
0.7,-0.3,1,0.92388,0,0,-0.382683,-2.03213,-1.41983,-0.553875,-9.26722e-10,0.40291,2.81753,0.0644139,0.324061,8
0.7,-0.3,1,0.707107,0,0,-0.707107,-2.0321,-1.41987,-0.553751,9.9656e-05,0.402772,-2.6804,0.0644113,0.461194,8
0.7,-0.3,1,0.382683,0,0,-0.92388,-2.03213,-1.41983,-0.553876,5.88764e-07,0.40291,-1.89486,0.0644139,0.580169,4
0.7,-0.3,1,0.92388,0,0.382683,0,1.62706,0.38619,-0.843183,-2.31653,1.29082,1.20062,0.0540789,0.279974,7
0.7,-0.3,1,0.853553,-0.146447,0.353553,-0.353553,1.39873,-0.19802,-0.120512,-2.44885,0.690985,2.11073,0.0499465,0.300042,6
0.7,-0.3,1,0.653282,-0.270598,0.270598,-0.653282,0.731861,1.01238,-2.50304,0.903667,0.7337,-0.0891439,0.0498035,0.638557,5
0.7,-0.3,1.2,0.853553,-0.146447,0.353553,-0.353553,0.726025,0.954823,-2.08277,0.124864,0.344073,-0.0756308,0.038406,1.04518,4
0.7,-0.1,0.4,0.353553,-0.353553,0.146447,-0.853553,3.10746,0.986655,-2.22085,-1.0858,0.576805,0.425813,0.0520762,0.0341302,3
0.7,-0.1,0.6,0,0.382683,0,0.92388,1.82451,0.955269,-2.73599,1.13235,0.857146,0.270099,0.0370974,0.405603,5
0.7,-0.1,0.6,0.853553,-0.146447,0.353553,-0.353553,-0.0275392,-1.00313,-1.10196,0.583032,1.20139,0.407935,0.0568377,0.36941,7
0.7,-0.1,0.6,0.653282,-0.270598,0.270598,-0.653282,0.198384,-1.239,-0.190105,1.51583,0.767365,-0.200707,0.0420732,0.760998,4
0.7,-0.1,0.6,0.353553,-0.353553,0.146447,-0.853553,3.0354,-0.603027,0.151499,0.842455,-0.637483,-1.25206,0.0416945,0.106198,3
0.7,-0.1,0.8,0,0,0,1,-1.37661,-1.45562,0.442385,8.52947e-07,-0.557563,-1.76498,0.0300285,0.544381,4
0.7,-0.1,0.8,0.382683,0,0,0.92388,-1.37661,-1.45562,0.442383,1.18927e-08,-0.557562,-0.979582,0.0300285,0.544382,4
0.7,-0.1,0.8,0.707107,0,0,0.707107,-1.37661,-1.45562,0.442384,-1.32601e-07,-0.557562,-0.194184,0.0300285,0.544382,4
0.7,-0.1,0.8,0.92388,0,0,0.382683,-1.37661,-1.45562,0.442384,-1.56409e-08,-0.557562,0.591215,0.0300285,0.544382,4
0.7,-0.1,0.8,1,0,0,0,-1.37661,-1.45562,0.442384,1.91817e-08,-0.557562,1.37661,0.0300285,0.544382,4
0.7,-0.1,0.8,0.92388,0,0,-0.382683,-1.37661,-1.45562,0.442384,4.44683e-09,-0.557562,2.16201,0.0300285,0.544382,4
0.7,-0.1,0.8,0.707107,0,0,-0.707107,-1.37661,-1.45562,0.442384,-2.54787e-09,-0.557562,2.94741,0.0300285,0.194184,8
0.7,-0.1,0.8,0.382683,0,0,-0.92388,1.76498,-0.526822,0.442384,-1.52481e-07,-1.48636,0.591215,0.0383185,0.0844381,7
0.7,-0.1,0.8,0,0.382683,0,0.92388,0.728725,1.00922,-2.54802,2.43343,0.80949,-0.0294339,0.0351005,0.315463,6
0.7,-0.1,0.8,0.353553,0.353553,0.146447,0.853553,-1.93419,-1.20609,-0.496358,-0.376514,0.906742,-0.0683127,0.0446858,0.664055,7
0.7,-0.1,0.8,0.653282,0.270598,0.270598,0.653282,-1.48613,-1.13323,-0.761988,-0.0668572,1.1089,-0.0301164,0.0523656,0.461895,7
0.7,-0.1,0.8,0.853553,-0.146447,0.353553,-0.353553,-0.0610217,-1.1976,0.0196792,-1.86807,-0.586893,2.59756,0.0324885,0.544037,8
0.7,-0.1,0.8,0.653282,-0.270598,0.270598,-0.653282,1.01525,-1.01396,0.194445,-1.45442,-0.384862,1.85895,0.0377224,0.986044,4
0.7,-0.1,0.8,0.353553,-0.353553,0.146447,-0.853553,-3.04819,-1.11864,0.132621,1.54487,-0.575933,-2.24628,0.0316777,0.0934048,3
0.7,-0.1,1,0,0,0,1,-2.4398,-1.54022,0.233585,-1.09834e-08,-0.26416,-0.701791,0.0359929,0.459779,4
0.7,-0.1,1,0.382683,0,0,0.92388,-2.4398,-1.54022,0.233585,-1.68628e-09,-0.26416,0.0836066,0.0359929,0.459779,4
0.7,-0.1,1,0.707107,0,0,0.707107,-2.4398,-1.54022,0.233585,1.54823e-09,-0.26416,0.869005,0.0359929,0.459779,4
0.7,-0.1,1,0.92388,0,0,0.382683,-2.4398,-1.54022,0.233585,4.25426e-10,-0.26416,1.6544,0.0359929,0.459779,4
0.7,-0.1,1,1,0,0,0,-2.4398,-1.54022,0.233585,-1.98741e-10,-0.26416,2.4398,0.0359929,0.459779,4
0.7,-0.1,1,0.92388,0,0,-0.382683,0.701792,1.31392,-2.91736,-1.474e-05,0.0326422,0.0836207,0.0343669,0.224235,5
0.7,-0.1,1,0.707107,0,0,-0.707107,0.701791,1.31392,-2.91736,1.79451e-07,0.0326422,0.869004,0.0343669,0.224235,5
0.7,-0.1,1,0.382683,0,0,-0.92388,0.701791,1.31392,-2.91736,2.33147e-06,0.0326419,1.6544,0.0343669,0.224235,5
0.7,-0.1,1,0.853553,0.146447,0.353553,0.353553,1.44091,0.997091,-2.28035,0.739545,-0.981446,-2.86741,0.0458756,0.274184,8
0.7,-0.1,1,0.92388,0,0.382683,0,-1.43757,0.205359,-2.74361,0.834211,1.24098,1.04047,0.0271907,0.329816,7
0.7,-0.1,1,0.853553,-0.146447,0.353553,-0.353553,0.266975,0.750096,-2.88902,0.3719,1.30206,0.280279,0.039006,0.252577,5
0.7,-0.1,1,0.653282,-0.270598,0.270598,-0.653282,-0.261237,0.984885,-2.66864,1.71938,0.761985,0.157699,0.0349074,0.47295,5
0.7,-0.1,1,0.353553,-0.353553,0.146447,-0.853553,0.0325259,0.970264,-2.14485,2.51907,1.08633,-0.323862,0.0499968,0.229825,6
0.7,-0.1,1.2,0,0,0,1,0.372064,1.15323,-2.01463,-8.21398e-08,-0.709393,2.76953,0.0696673,0.372064,8
0.7,-0.1,1.2,0.382683,0,0,0.92388,-2.76953,-0.714719,-2.01463,2.74273e-08,1.15856,0.413334,0.0595382,0.372064,3
0.7,-0.1,1.2,0.707107,0,0,0.707107,-2.76953,-0.714718,-2.01463,8.44211e-08,1.15856,1.19873,0.0595382,0.372064,3
0.7,-0.1,1.2,0.92388,0,0,0.382683,-2.76953,-0.714718,-2.01463,4.46613e-09,1.15856,1.98413,0.0595382,0.372064,3
0.7,-0.1,1.2,1,0,0,0,-2.76953,-0.714718,-2.01463,-1.27826e-08,1.15856,2.76953,0.0595382,0.372064,8
0.7,-0.1,1.2,0.92388,0,0,-0.382683,0.372064,0.488416,-0.669139,1.08097e-09,-1.39007,0.413334,0.0607887,0.180723,7
0.7,-0.1,1.2,0.707107,0,0,-0.707107,0.372064,0.488416,-0.669139,-3.0332e-11,-1.39007,1.19873,0.0607887,0.180723,7
0.7,-0.1,1.2,0.382683,0,0,-0.92388,0.372064,0.488416,-0.669139,-1.72766e-10,-1.39007,1.98413,0.0607887,0.180723,7
0.7,-0.1,1.2,0.853553,0.146447,0.353553,0.353553,-2.27232,-0.970619,-1.17565,1.01797,0.975112,0.714518,0.0600117,0.595685,7
0.7,-0.1,1.2,0.92388,0,0.382683,0,-2.46512,-1.23878,-0.184538,2.54321,0.904085,-0.117334,0.0500992,0.205683,6
0.7,-0.1,1.2,0.853553,-0.146447,0.353553,-0.353553,0.0421,1.01293,-2.4801,0.822096,0.711848,-0.107415,0.0500429,0.661495,5
0.7,0.1,0.4,0,0,0,1,0.127723,-0.99174,-1.53042,4.46019e-10,0.951368,3.01387,0.067112,0.127723,8
0.7,0.1,0.4,0.382683,0,0,0.92388,0.127723,-1.17813,-1.15335,4.57497e-08,0.760687,-2.48392,0.0701547,0.657675,8
0.7,0.1,0.4,0.707107,0,0,0.707107,0.127723,-1.17813,-1.15335,2.77199e-09,0.760688,-1.69852,0.0701547,0.810109,7
0.7,0.1,0.4,0.92388,0,0,0.382683,0.127723,-1.17813,-1.15335,-6.89065e-09,0.760688,-0.913121,0.0701547,0.810109,7
0.7,0.1,0.4,1,0,0,0,0.127723,-1.17813,-1.15335,-1.15076e-09,0.760688,-0.127723,0.0701547,0.810109,7
0.7,0.1,0.4,0.92388,0,0,-0.382683,0.127723,-1.17813,-1.15335,9.61672e-10,0.760688,0.657676,0.0701547,0.810109,7
0.7,0.1,0.4,0.707107,0,0,-0.707107,0.127723,-1.17813,-1.15335,2.80465e-10,0.760688,1.44307,0.0701547,0.810109,7
0.7,0.1,0.4,0.382683,0,0,-0.92388,0.127723,-1.17813,-1.15335,-1.21761e-10,0.760688,2.22847,0.0701547,0.810109,7
0.7,0.1,0.4,0,0.382683,0,0.92388,0.227603,-1.23919,-0.231364,-0.207951,-0.88328,3.11237,0.04935,0.029223,8
0.7,0.1,0.4,0.353553,-0.353553,0.146447,-0.853553,0.574542,-0.64082,-1.79527,1.00163,0.962823,1.13595,0.0540931,0.607973,7
0.7,0.1,0.6,0,0,0,1,0.236321,-0.0267402,-2.88244,-8.2736e-07,1.33838,2.90527,0.0424936,0.232415,7
0.7,0.1,0.6,0.382683,0,0,0.92388,0.236321,-0.0267413,-2.88243,4.81468e-08,1.33838,-2.59252,0.0424936,0.232419,7
0.7,0.1,0.6,0.707107,0,0,0.707107,0.236321,-0.0267425,-2.88243,-2.34211e-07,1.33838,-1.80712,0.0424937,0.232419,7
0.7,0.1,0.6,0.92388,0,0,0.382683,0.236321,-0.0267426,-2.88243,-3.18849e-08,1.33838,-1.02172,0.0424937,0.232418,7
0.7,0.1,0.6,1,0,0,0,0.236321,-0.0267426,-2.88243,3.3438e-08,1.33838,-0.236321,0.0424937,0.232419,7
0.7,0.1,0.6,0.92388,0,0,-0.382683,0.236321,-0.0267425,-2.88243,8.47664e-09,1.33838,0.549077,0.0424937,0.232419,7
0.7,0.1,0.6,0.707107,0,0,-0.707107,0.236321,-0.0267425,-2.88243,-4.3662e-09,1.33838,1.33448,0.0424937,0.232419,7
0.7,0.1,0.6,0.382683,0,0,-0.92388,0.236321,-0.0267425,-2.88243,-1.78364e-09,1.33838,2.11987,0.0424937,0.232419,7
0.7,0.1,0.6,0,0.382683,0,0.92388,0.971506,0.462343,-2.86722,1.15793,0.691179,1.28509,0.0342728,0.274373,5
0.7,0.1,0.6,0.353553,0.353553,0.146447,0.853553,2.43406,-0.509077,0.105638,2.29909,1.23641,-1.3281,0.0278294,0.334389,7
0.7,0.1,0.6,0.653282,-0.270598,0.270598,-0.653282,0.822152,-1.13719,-0.74985,0.594268,1.03453,0.248654,0.0522847,0.53627,7
0.7,0.1,0.6,0.353553,-0.353553,0.146447,-0.853553,1.1135,-1.2333,-0.116012,1.47124,0.737874,-0.314457,0.038078,0.766698,4
0.7,0.1,0.8,0,0,0,1,1.09279,-1.26408,0.578147,-9.9853e-09,-0.884858,2.0488,0.0305502,0.685938,7
0.7,0.1,0.8,0.382683,0,0,0.92388,1.09279,-1.26408,0.578147,-2.59844e-09,-0.884858,2.8342,0.0305502,0.307391,8
0.7,0.1,0.8,0.707107,0,0,0.707107,1.09093,-1.26395,0.578192,0.000552113,-0.885212,-2.66197,0.0305569,0.479622,8
0.7,0.1,0.8,0.92388,0,0,0.382683,1.09279,-1.26409,0.578148,-1.0853e-07,-0.884858,-1.87819,0.0305501,0.685938,7
0.7,0.1,0.8,1,0,0,0,1.09279,-1.26408,0.578147,-2.21069e-07,-0.884859,-1.09279,0.0305502,0.685938,7
0.7,0.1,0.8,0.92388,0,0,-0.382683,1.09279,-1.26408,0.578147,-5.93542e-09,-0.884859,-0.30739,0.0305502,0.685938,7
0.7,0.1,0.8,0.707107,0,0,-0.707107,1.09279,-1.26408,0.578147,3.40715e-08,-0.884858,0.478007,0.0305502,0.685938,7
0.7,0.1,0.8,0.382683,0,0,-0.92388,1.09279,-1.26408,0.578147,4.47073e-09,-0.884858,1.26341,0.0305502,0.685938,7
0.7,0.1,0.8,0,0.382683,0,0.92388,2.81495,-1.20527,0.000627943,-2.59412,-0.451004,2.87488,0.0251859,0.154778,6
0.7,0.1,0.8,0.353553,0.353553,0.146447,0.853553,-2.49747,-1.15968,0.0867519,0.344683,0.299107,-0.230261,0.0199914,0.644123,3
0.7,0.1,0.8,0.653282,0.270598,0.270598,0.653282,-1.36387,-1.16757,0.075526,-0.466504,0.328757,0.297374,0.0223748,0.832433,4
0.7,0.1,0.8,0.92388,0,0.382683,0,0.245713,-1.23786,-0.165272,-0.298879,0.623831,0.0695453,0.0297969,0.762136,4
0.7,0.1,0.8,0.853553,-0.146447,0.353553,-0.353553,0.860345,-1.23852,-0.258421,-0.0810586,0.711577,0.00831618,0.034065,0.761475,4
0.7,0.1,0.8,0.653282,-0.270598,0.270598,-0.653282,1.45531,-1.23885,-0.246166,0.126665,0.700225,-0.0154357,0.033477,0.761155,4
0.7,0.1,0.8,0.353553,-0.353553,0.146447,-0.853553,2.0815,-1.23558,-0.136205,0.348719,0.595771,-0.0956171,0.0286234,0.764424,4
0.7,0.1,1,0,0,0,1,2.83108,-1.50147,0.364323,-1.97312e-09,-0.433649,0.310513,0.0316765,0.310513,3
0.7,0.1,1,0.382683,0,0,0.92388,2.83108,-1.50147,0.364323,-7.19328e-10,-0.433649,1.09591,0.0316765,0.310513,3
0.7,0.1,1,0.707107,0,0,0.707107,2.83108,-1.50147,0.364323,2.34878e-10,-0.433649,1.88131,0.0316765,0.310513,3
0.7,0.1,1,0.92388,0,0,0.382683,2.83108,-1.50147,0.364323,1.3727e-10,-0.433649,2.66671,0.0316765,0.310513,3
0.7,0.1,1,1,0,0,0,2.83108,0.178756,-3.0481,-7.30116e-07,1.29855,-2.83108,0.038857,0.093492,5
0.7,0.1,1,0.92388,0,0,-0.382683,2.83108,0.178752,-3.0481,-1.49014e-07,1.29855,-2.04568,0.0388571,0.0934964,5
0.7,0.1,1,0.707107,0,0,-0.707107,2.83108,0.178751,-3.0481,-2.40798e-07,1.29855,-1.26028,0.0388571,0.093497,5
0.7,0.1,1,0.382683,0,0,-0.92388,2.83108,0.178751,-3.0481,-1.63253e-09,1.29855,-0.474885,0.0388571,0.093497,5
0.7,0.1,1,0,0.382683,0,0.92388,2.9909,-0.808021,-1.50465,0.106482,1.52186,0.101732,0.05437,0.0489413,7
0.7,0.1,1,0.353553,0.353553,0.146447,0.853553,-2.88628,-1.18017,-0.604405,0.446928,0.974509,0.129744,0.048247,0.255309,3
0.7,0.1,1,0.653282,0.270598,0.270598,0.653282,-2.47172,-1.23595,-0.139557,1.08355,0.677831,-0.24467,0.0355727,0.669877,3
0.7,0.1,1,0.853553,0.146447,0.353553,0.353553,-1.99887,-1.0842,0.159352,1.90209,0.776151,-0.935147,0.0263602,0.794646,7
0.7,0.1,1,0.92388,0,0.382683,0,-1.91019,-0.713867,0.190955,2.40155,1.42105,-0.972315,0.0240466,0.149742,7
0.7,0.1,1,0.853553,-0.146447,0.353553,-0.353553,-1.38111,0.99697,-2.6242,-1.02406,-0.754849,-3.0734,0.0335902,0.0681951,8
0.7,0.1,1,0.653282,-0.270598,0.270598,-0.653282,2.17965,-1.20583,-0.49779,-0.544096,0.896775,-0.0969375,0.0450494,0.674021,7
0.7,0.1,1,0.353553,-0.353553,0.146447,-0.853553,2.58669,-1.02841,-1.04228,-0.169491,1.27594,-0.114806,0.0560559,0.294861,7
0.7,0.1,1.2,0,0,0,1,2.99453,-1.44341,-0.48103,1.63046e-09,0.353645,0.147064,0.0626128,0.147064,3
0.7,0.1,1.2,0.382683,0,0,0.92388,2.99453,-1.44341,-0.48103,-2.6732e-10,0.353645,0.932462,0.0626128,0.147064,3
0.7,0.1,1.2,0.707107,0,0,0.707107,2.99453,-1.44341,-0.48103,-2.83605e-10,0.353645,1.71786,0.0626128,0.147064,3
0.7,0.1,1.2,0.92388,0,0,0.382683,2.99453,-1.44341,-0.48103,1.24842e-11,0.353645,2.50326,0.0626128,0.147064,3
0.7,0.1,1.2,1,0,0,0,-0.147063,1.21712,-2.20276,8.58366e-06,-0.585156,0.147053,0.0653728,0.782883,4
0.7,0.1,1.2,0.92388,0,0,-0.382683,-0.147064,1.21711,-2.20274,9.51538e-08,-0.585165,0.932461,0.065373,0.78289,4
0.7,0.1,1.2,0.707107,0,0,-0.707107,-0.147064,1.21711,-2.20274,3.45298e-07,-0.585164,1.71786,0.065373,0.78289,4
0.7,0.1,1.2,0.382683,0,0,-0.92388,-0.147064,1.21711,-2.20274,2.09395e-08,-0.585164,2.50326,0.065373,0.638334,8
0.7,0.1,1.2,0.853553,0.146447,0.353553,0.353553,0.325991,1.01231,-2.42941,-1.26276,0.727502,0.207737,0.0512871,0.712184,5
0.7,0.1,1.2,0.92388,0,0.382683,0,-0.295813,0.993618,-2.63779,0.276501,0.855795,0.0283059,0.0481915,0.503804,5
0.7,0.1,1.2,0.853553,-0.146447,0.353553,-0.353553,-0.676905,0.974799,-2.1646,1.83739,0.81642,-0.532154,0.0556676,0.754377,7
0.7,0.3,0.4,0,0.382683,0,0.92388,-2.3208,0.406814,-0.876099,0.897498,-0.723224,-1.40366,0.0454072,0.820789,3
0.7,0.3,0.4,0.353553,0.353553,0.146447,0.853553,-2.75336,0.226884,-0.606751,-0.582696,-0.520065,0.80786,0.0427815,0.388228,3
0.7,0.3,0.6,0,0,0,1,-2.3014,0.217977,-0.271153,-4.06521e-07,-1.51762,-0.840187,0.0528658,0.0531769,7
0.7,0.3,0.6,0.382683,0,0,0.92388,-2.3014,0.218006,-0.271208,-2.10356e-07,-1.51759,-0.0547905,0.0528664,0.0532018,7
0.7,0.3,0.6,0.707107,0,0,0.707107,-2.3014,0.218006,-0.271208,4.19353e-08,-1.51759,0.730607,0.0528664,0.0532019,7
0.7,0.3,0.6,0.92388,0,0,0.382683,-2.3014,0.218006,-0.271208,3.73633e-08,-1.51759,1.51601,0.0528664,0.0532019,7
0.7,0.3,0.6,1,0,0,0,-2.3014,0.218006,-0.271208,-2.69875e-09,-1.51759,2.3014,0.0528664,0.0532019,7
0.7,0.3,0.6,0.92388,0,0,-0.382683,-2.3014,0.218006,-0.271208,-6.14304e-09,-1.51759,3.0868,0.0528664,0.0532019,7
0.7,0.3,0.6,0.707107,0,0,-0.707107,0.840196,-0.444604,-2.41217,9.58361e-06,1.28624,0.731062,0.0520966,0.284555,7
0.7,0.3,0.6,0.382683,0,0,-0.92388,0.840189,-0.444308,-2.41256,2.0658e-07,1.28608,1.51601,0.0520889,0.28472,7
0.7,0.3,0.6,0,0.382683,0,0.92388,1.42445,-0.196571,-2.39516,0.905405,1.0957,1.24857,0.04272,0.475101,7
0.7,0.3,0.6,0.353553,0.353553,0.146447,0.853553,0.908953,0.18544,-2.73067,0.428159,0.211444,2.63429,0.0495523,0.410923,5
0.7,0.3,0.6,0.653282,0.270598,0.270598,0.653282,0.273514,-1.23933,-0.206192,1.18358,-0.826066,-2.97744,0.0475358,0.164148,8
0.7,0.3,0.8,0,0,0,1,1.45947,-0.107623,-2.80538,-6.25887e-07,1.34221,1.68213,0.0441215,0.228591,7
0.7,0.3,0.8,0.382683,0,0,0.92388,1.45947,-0.107626,-2.80537,7.54915e-08,1.3422,2.46752,0.0441216,0.228592,7
0.7,0.3,0.8,0.707107,0,0,0.707107,-1.68226,1.32443,-2.8055,-0.0014023,-0.0895977,0.112863,0.0401984,0.336089,5
0.7,0.3,0.8,0.92388,0,0,0.382683,-1.68213,1.32444,-2.80537,-1.73387e-06,-0.0898591,0.896729,0.0402017,0.336218,5
0.7,0.3,0.8,1,0,0,0,-1.68212,1.32444,-2.80537,4.26709e-07,-0.0898589,1.68212,0.0402017,0.336218,5
0.7,0.3,0.8,0.92388,0,0,-0.382683,-1.68212,1.32444,-2.80537,3.16389e-07,-0.0898588,2.46752,0.0402017,0.336218,5
0.7,0.3,0.8,0.707107,0,0,-0.707107,-1.68227,1.32444,-2.80543,-0.00142145,-0.0897366,-3.0287,0.0402005,0.112895,8
0.7,0.3,0.8,0.382683,0,0,-0.92388,-1.68212,1.32444,-2.80537,2.5268e-06,-0.0898581,-2.24487,0.0402017,0.336218,5
0.7,0.3,0.8,0,0.382683,0,0.92388,-1.00374,0.976202,-2.17091,0.771714,-1.02607,-2.77094,0.0497917,0.370652,8
0.7,0.3,0.8,0.353553,0.353553,0.146447,0.853553,2.29653,-1.19393,0.0277444,1.99309,0.8849,-0.532762,0.0353252,0.685897,7
0.7,0.3,0.8,0.653282,0.270598,0.270598,0.653282,-1.98904,-0.677828,0.180035,-0.742612,-0.438569,0.99784,0.0430172,1.13223,7
0.7,0.3,0.8,0.853553,0.146447,0.353553,0.353553,-2.50833,-0.235162,-0.0876087,-0.781337,-1.44778,1.90538,0.0336001,0.123019,7
0.7,0.3,0.8,0.92388,0,0.382683,0,-2.2813,0.908812,-1.92756,-0.612093,-1.2023,2.70137,0.0551951,0.368492,7
0.7,0.3,1,0,0,0,1,-0.978814,1.31016,-2.59298,1.74868e-06,-0.287978,-2.16278,0.0507344,0.548611,5
0.7,0.3,1,0.382683,0,0,0.92388,-0.978814,1.31016,-2.59298,2.46275e-08,-0.287978,-1.37738,0.0507344,0.548611,5
0.7,0.3,1,0.707107,0,0,0.707107,-0.978814,1.31016,-2.59298,-2.71829e-07,-0.287978,-0.591982,0.0507344,0.548611,5
0.7,0.3,1,0.92388,0,0,0.382683,-0.978814,1.31016,-2.59298,-3.21021e-08,-0.287978,0.193416,0.0507344,0.548611,5
0.7,0.3,1,1,0,0,0,-0.978814,1.31016,-2.59298,3.93179e-08,-0.287978,0.978814,0.0507344,0.548611,5
0.7,0.3,1,0.92388,0,0,-0.382683,-0.978814,1.31016,-2.59298,9.12154e-09,-0.287978,1.76421,0.0507344,0.548611,5
0.7,0.3,1,0.707107,0,0,-0.707107,-0.978814,1.31016,-2.59298,-5.22183e-09,-0.287978,2.54961,0.0507344,0.548611,5
0.7,0.3,1,0.382683,0,0,-0.92388,2.16278,-1.53647,-0.090791,1.8504e-06,0.0564597,0.193411,0.0492857,0.463535,4
0.7,0.3,1,0.353553,0.353553,0.146447,0.853553,2.76828,-1.15432,-0.695338,0.946292,0.92495,0.321381,0.0536735,0.373312,3
0.7,0.3,1,0.653282,0.270598,0.270598,0.653282,2.78435,-1.21543,-0.0306889,2.17693,0.938187,-0.379223,0.0421929,0.357238,3
0.7,0.3,1,0.853553,0.146447,0.353553,0.353553,1.8662,0.274804,-2.7852,-1.02319,0.400228,-1.795,0.0485254,0.356393,5
0.7,0.3,1,0.92388,0,0.382683,0,1.49476,-0.188666,-2.40377,-0.840639,1.24161,-1.11693,0.0401607,0.329186,7
0.7,0.3,1.2,0.853553,0.146447,0.353553,0.353553,-0.469772,-0.000342986,-0.321239,-2.69522,0.5331,2.52374,0.0505145,0.0536777,6
0.7,0.3,1.2,0.92388,0,0.382683,0,-0.954695,0.96125,-2.10783,1.43077,0.622171,-0.614317,0.0553391,0.948626,7
0.7,0.5,0.6,0.353553,0.353553,0.146447,0.853553,-1.85512,0.917269,-1.95367,2.04306,-0.391267,-2.44516,0.0437385,0.696434,8
0.7,0.5,0.6,0.653282,0.270598,0.270598,0.653282,-2.28401,0.864461,-1.79986,-1.5935,-0.481034,2.14556,0.0481567,0.857586,3
0.7,0.5,0.8,0.353553,0.353553,0.146447,0.853553,-1.24963,0.906467,-1.92031,1.40621,-0.695612,-2.31231,0.0577973,0.829285,8
0.7,0.5,0.8,0.653282,0.270598,0.270598,0.653282,-1.67842,0.00144211,-0.323255,-0.167996,-0.472212,0.226103,0.0509563,1.09858,7
0.7,0.5,0.8,0.853553,0.146447,0.353553,0.353553,-2.04297,0.493207,-1.01995,-0.929665,-0.995626,1.77101,0.0548563,0.57517,7
0.7,0.5,1,0.653282,0.270598,0.270598,0.653282,-0.994927,0.21609,-0.591904,0.718831,-0.624534,-1.04767,0.0449626,0.946262,7
0.7,0.5,1,0.853553,0.146447,0.353553,0.353553,-1.45713,0.25195,-0.641835,-0.78104,-0.674936,1.17102,0.0451652,0.89586,7
0.9,-0.1,0.8,0,0,0,1,1.76498,0.359317,-1.71087,1.42624e-06,-0.219244,1.37661,0.0111908,1.35155,7
0.9,-0.1,0.8,0.382683,0,0,0.92388,1.76498,0.359317,-1.71087,-2.17748e-07,-0.219244,2.16201,0.0111908,0.979581,8
0.9,-0.1,0.8,0.707107,0,0,0.707107,1.76498,0.359317,-1.71087,-2.46412e-07,-0.219245,2.94741,0.0111908,0.194183,8
0.9,-0.1,0.8,0.92388,0,0,0.382683,-1.37661,-0.585619,-0.972904,-2.1339e-05,-0.0122738,0.591236,0.0104021,1.41438,4
0.9,-0.1,0.8,1,0,0,0,-1.37661,-0.585619,-0.972904,-1.3579e-06,-0.012274,1.37661,0.0104021,1.41438,4
0.9,-0.1,0.8,0.92388,0,0,-0.382683,-1.37661,-0.585619,-0.972904,3.20707e-06,-0.0122738,2.16201,0.0104021,0.979585,8
0.9,-0.1,0.8,0.707107,0,0,-0.707107,-1.37661,-0.585619,-0.972904,5.46243e-07,-0.0122738,2.94741,0.0104021,0.194184,8
0.9,-0.1,0.8,0.382683,0,0,-0.92388,1.76498,-0.00543995,-0.972887,-2.92159e-07,-0.592469,0.591216,0.0114108,0.978327,7
0.9,0.1,0.8,0,0,0,1,1.09279,-0.553737,-0.702346,5.78672e-07,-0.314713,2.0488,0.00780361,1.09279,8
0.9,0.1,0.8,0.382683,0,0,0.92388,1.09279,-0.553737,-0.702346,-4.73842e-08,-0.314713,2.8342,0.00780361,0.307391,8
0.9,0.1,0.8,0.707107,0,0,0.707107,-2.04959,0.327419,-1.98145,0.00217801,0.0832759,0.476638,0.0049439,1.092,3
0.9,0.1,0.8,0.92388,0,0,0.382683,-2.0488,0.327435,-1.98143,1.21479e-07,0.0831954,1.26341,0.00494344,1.09279,3
0.9,0.1,0.8,1,0,0,0,-2.0488,0.327435,-1.98143,7.25817e-07,0.083195,2.0488,0.00494343,1.09279,3
0.9,0.1,0.8,0.92388,0,0,-0.382683,-2.0488,0.327435,-1.98143,5.63375e-08,0.083195,2.8342,0.00494343,0.307391,8
0.9,0.1,0.8,0.707107,0,0,-0.707107,1.09045,-0.553811,-0.702417,0.00172813,-0.314365,0.478541,0.00780018,1.25643,7
0.9,0.1,0.8,0.382683,0,0,-0.92388,1.09279,-0.553737,-0.702346,-1.49963e-06,-0.314713,1.26341,0.00780361,1.25608,7
